-7.152390214448316463e+00,-4.896123216343868934e-01,2.122478666891960408e+00,8.856780776344385098e-01,1.135318314616045043e+00,9.437114360828167126e-01,-5.359667679998794676e-02,0.000000000000000000e+00
-7.053238941545127538e+00,-4.774629204609459054e-01,2.108772938711131584e+00,7.551467714225388317e-01,1.123147673418245285e+00,9.470836197359655539e-01,1.219261916775535443e-01,0.000000000000000000e+00
-6.954241419762945853e+00,-4.635403727315575151e-01,2.095067210530302759e+00,4.665357710611964803e-01,1.113533317174430604e+00,9.525409166585893095e-01,1.397189899340008368e-01,0.000000000000000000e+00
-6.857674673641792396e+00,-4.406611342483048865e-01,2.081361482349473935e+00,-1.023225667038888675e-01,1.093681515255831238e+00,9.675265054885152649e-01,2.326370221343364297e-01,0.000000000000000000e+00
-6.759986808704962158e+00,-4.194022659038095791e-01,2.067655754168645110e+00,-1.303222565535457345e-01,1.077516471413416443e+00,9.813720748533730776e-01,2.142793924580232434e-01,0.000000000000000000e+00
-6.660803220321248830e+00,-4.077262991243315593e-01,2.053950025987816286e+00,5.349400477861548930e-01,1.072185998366238513e+00,9.862156074795835892e-01,1.171814327509578119e-01,0.000000000000000000e+00
-6.565343022569531506e+00,-3.804636498896621921e-01,2.040244297806987461e+00,4.556038227075158153e-01,1.051892740533641346e+00,1.007311273502392801e+00,2.781864092837984526e-01,0.000000000000000000e+00
-6.468929889517619714e+00,-3.542957748821016217e-01,2.026538569626158637e+00,9.823812500113633661e-02,1.033329388426330375e+00,1.027096394749330566e+00,2.650292971070095094e-01,0.000000000000000000e+00
-6.374381596663980964e+00,-3.237888785359718247e-01,2.012832841445329368e+00,-2.229937096323870716e-01,1.009833709954019110e+00,1.050585476768272741e+00,3.121134607102063474e-01,0.000000000000000000e+00
-6.279465167063504438e+00,-2.975141252712576456e-01,1.999127113264500766e+00,-4.725143956562711245e-01,9.910057920360628714e-01,1.068452640135401532e+00,2.700573368122397566e-01,0.000000000000000000e+00
-6.182105314018354392e+00,-2.758271444062203592e-01,1.985421385083671719e+00,7.581719962690584014e-01,9.775797341494164572e-01,1.079073563674629810e+00,2.191725510182974956e-01,0.000000000000000000e+00
-6.082763658452297939e+00,-2.580517675098432662e-01,1.971715656902842895e+00,1.027539454488008319e+00,9.687025443215083742e-01,1.080954327791252778e+00,1.770580269623438230e-01,0.000000000000000000e+00
-6.011349189514466396e+00,-2.010592671384812957e-01,1.958009928722014070e+00,-7.521063300650077110e-01,9.180994878403535564e-01,1.124909326453620073e+00,6.735523554971342142e-01,0.000000000000000000e+00
-5.908816277841369313e+00,-1.895750328410874819e-01,2.218418764157762624e+00,-6.964685469347505278e-03,9.162417993176100728e-01,1.117850110544622133e+00,1.115404643138600133e-01,0.000000000000000000e+00
-5.819322491847723100e+00,-1.461648955866202138e-01,2.306446821186974194e+00,-7.420127561208909872e-02,8.813611233864824257e-01,1.144998875913257219e+00,4.516268794695243449e-01,0.000000000000000000e+00
-5.722392770203295065e+00,-1.178207004870407970e-01,2.387475896289900756e+00,-1.000254741243409573e-01,8.622256559696441780e-01,1.157307534921524272e+00,2.844882965769764960e-01,0.000000000000000000e+00
-5.619104003448794238e+00,-9.129006357498475888e-02,2.382193020049390597e+00,1.021162448600045680e+00,8.455384346202109436e-01,1.168494621186162430e+00,2.514235887467728969e-01,0.000000000000000000e+00
-5.581298472767427299e+00,-6.295990886310615098e-02,2.493375632681780196e+00,-4.271184118170110455e-01,8.204928106131016419e-01,1.190558082051422994e+00,6.430948087201991958e-01,0.000000000000000000e+00
-5.483100788621031008e+00,-3.627456755796600041e-02,2.180942810551331767e+00,-2.736004358521901270e-01,8.022117280083356228e-01,1.206062955310563289e+00,2.653433523467517152e-01,0.000000000000000000e+00
-5.394102001194428730e+00,6.331723463634682768e-04,1.731008516144384002e+00,7.196788945654878367e-01,7.729396601341873563e-01,1.232836242271682314e+00,3.931136619735854931e-01,0.000000000000000000e+00
-5.297154518598790496e+00,2.441289282144526451e-02,1.738841303032337526e+00,3.000580746779536456e-01,7.570656032699109028e-01,1.247710230504314843e+00,2.405357002909463138e-01,0.000000000000000000e+00
-5.235138037013484791e+00,8.397550932014799518e-02,1.376934293537310561e+00,-2.746226647997942028e+00,7.039693283465999762e-01,1.302820574353722449e+00,7.652176224938079807e-01,0.000000000000000000e+00
-5.123366608087369656e+00,8.964041018437141073e-02,1.417286575077465027e+00,-5.524656555384938050e-01,7.066741163813171633e-01,1.300642102586978766e+00,5.063957575136997930e-02,0.000000000000000000e+00
-5.009859905539015834e+00,9.113551397853039693e-02,1.776375761657017938e+00,1.655736464052480539e+00,7.135281821241269418e-01,1.294520200600595805e+00,1.317118110842465002e-02,0.000000000000000000e+00
-4.918709655496488864e+00,1.277687797194680674e-01,1.773398946520228447e+00,6.360778032773711788e-01,6.846111215013129803e-01,1.324952915593784919e+00,3.821430477054879593e-01,0.000000000000000000e+00
-4.825733526684586217e+00,1.636201793695573059e-01,2.091527679049421273e+00,-2.456587448973075183e-01,6.567742716058717622e-01,1.353769530249848030e+00,3.680294510585070955e-01,0.000000000000000000e+00
-4.695966819516575796e+00,1.997840545820707692e-01,2.307522924522761532e+00,-4.172083675066312058e-01,6.302189426266869843e-01,1.379421071122437059e+00,2.717877470165147580e-01,0.000000000000000000e+00
-4.712674072172578832e+00,1.989797452172667458e-01,2.060508427766902351e+00,-1.826669417813227447e+00,6.301703285122935982e-01,1.379822692069382128e+00,-3.093488462466296607e+00,0.000000000000000000e+00
-4.609978812761539757e+00,2.228947623138659573e-01,2.541394692498682772e+00,2.001098122368372978e-01,6.150154279619569619e-01,1.394964382133064174e+00,2.287959147242267788e-01,0.000000000000000000e+00
-4.516750705809005062e+00,2.416145193656300538e-01,2.983029517514073081e+00,1.351613915502630492e-01,6.050462593633525454e-01,1.405414304691163352e+00,1.981600650905183669e-01,0.000000000000000000e+00
-4.423062944534933649e+00,2.762017596368970263e-01,3.076892095709242270e+00,-7.363015173650978573e-01,5.797055496970532351e-01,1.431589488709364311e+00,3.536546399060855883e-01,0.000000000000000000e+00
-4.327972055624428549e+00,2.875215607449966293e-01,2.832031584162413740e+00,-4.563717121330428950e-01,5.779754767456933839e-01,1.434565115338723551e+00,1.184843305979036004e-01,0.000000000000000000e+00
-4.290818915409409406e+00,2.876121824218661471e-01,3.154596706482779567e+00,3.812935261465675851e-01,5.795340358489056154e-01,1.431987840768824904e+00,2.439134259738066478e-03,0.000000000000000000e+00
-4.154244504945490135e+00,3.240594042574901912e-01,3.553770403333051497e+00,-6.701288341477965038e-02,5.571748431459164763e-01,1.456489676061576422e+00,2.607895430095727440e-01,0.000000000000000000e+00
-4.053860494621626565e+00,3.333256639904461638e-01,3.851502982138425235e+00,1.056777738884471553e-02,5.581451019960725901e-01,1.457416726296019371e+00,9.204727750469497705e-02,0.000000000000000000e+00
-3.959613414077732152e+00,3.606551853673963248e-01,4.071623460044893505e+00,-2.395674499675628233e-01,5.403509178949166269e-01,1.477007572830431714e+00,2.822365555270025528e-01,0.000000000000000000e+00
-3.859711913104235226e+00,3.714115027337569486e-01,4.186181601255679396e+00,-1.555657030720362377e-01,5.395581754259083374e-01,1.479565857666005124e+00,1.072560393186593047e-01,0.000000000000000000e+00
-3.761124541935047638e+00,3.884513318374400725e-01,3.796932983431090758e+00,-1.308040911003033324e-01,5.319998592800633253e-01,1.488497514911873543e+00,1.711489654576726638e-01,0.000000000000000000e+00
-3.662152500748796058e+00,4.036648665425838778e-01,3.268415601561376782e+00,-2.718262808293741561e-01,5.257737844727141674e-01,1.495533955305285545e+00,1.525216722941447334e-01,0.000000000000000000e+00
-3.537929692114196722e+00,4.149702424539326029e-01,2.418077934280820962e+00,1.126586913003402649e-02,5.251416692730954683e-01,1.496257670109765181e+00,9.075883531854499198e-02,0.000000000000000000e+00
-3.509302138104127611e+00,4.167770862941914678e-01,2.077324636547737580e+00,9.932567241458725160e-01,5.240039751304661486e-01,1.495870109323734765e+00,6.303194211303851657e-02,0.000000000000000000e+00
-3.433929693590014320e+00,4.315301785417435254e-01,2.275736782302733463e+00,-3.104021453326901714e-01,5.149426933467234901e-01,1.504126906670043340e+00,1.932921088460260728e-01,0.000000000000000000e+00
-3.327870832305216187e+00,4.455944708569689605e-01,2.590218445848869955e+00,-2.682778516931355606e-01,5.061131155822931049e-01,1.509320268800160569e+00,1.318391608012653982e-01,0.000000000000000000e+00
-3.228002222722730075e+00,4.536729292268789626e-01,2.857594682671318775e+00,-6.629083190419535199e-02,5.018339569311699444e-01,1.509002565188289235e+00,8.071512405734757034e-02,0.000000000000000000e+00
-3.128584332377877697e+00,4.647572714188926701e-01,3.088538119930848147e+00,-7.269424737667654068e-02,4.930798604611918434e-01,1.511673692871991603e+00,1.110338741700630377e-01,0.000000000000000000e+00
-3.029049964139852502e+00,4.724756179552660473e-01,3.302952966983243588e+00,-5.670845365971372010e-02,4.864174970959483368e-01,1.510950955251599170e+00,7.738966661902406396e-02,0.000000000000000000e+00
-2.929551921271520865e+00,4.809800380680491205e-01,3.497602198305494792e+00,-6.991557900725235697e-02,4.779480113468646540e-01,1.511025846744750822e+00,8.526600124379624113e-02,0.000000000000000000e+00
-2.828758915908064164e+00,4.891185621407438955e-01,3.705524783178729020e+00,-1.092342711048889387e-01,4.691024263579697262e-01,1.510689135203165723e+00,8.057013362931982059e-02,0.000000000000000000e+00
-2.704492789305530387e+00,4.965315965282980915e-01,3.645922533391606102e+00,-9.808701671240074860e-02,4.615650264191911711e-01,1.508105778219346327e+00,5.958389328107652899e-02,0.000000000000000000e+00
-2.689907127920395880e+00,4.959434940656748392e-01,3.471691356082116986e+00,3.730437292472231214e-01,4.624526026658829503e-01,1.506694378408708568e+00,-4.029876020768122236e-02,0.000000000000000000e+00
-2.579107267887694732e+00,5.052859765446171547e-01,3.296418621283781381e+00,-2.059329960435816176e-01,4.539026871924570772e-01,1.507121047398558344e+00,8.411956438370253586e-02,0.000000000000000000e+00
-2.487978030789133932e+00,5.130802197207601223e-01,3.304279964192685881e+00,-4.344961279982686997e-01,4.485149404567877474e-01,1.507579882565623697e+00,8.532190825736046813e-02,0.000000000000000000e+00
-2.387732537018962375e+00,5.111526660708708425e-01,3.170718182333433610e+00,1.240631467811722372e-01,4.548320799953562976e-01,1.497825655102057230e+00,-1.922596291115892878e-02,0.000000000000000000e+00
-2.287871356407552792e+00,5.142255298909805816e-01,3.077485726049459913e+00,3.338351517730523410e-01,4.570261832286978132e-01,1.493085805607633487e+00,3.076164809978037054e-02,0.000000000000000000e+00
-2.188164645032063316e+00,5.220343142750276666e-01,2.808855421095618699e+00,-1.983985277481979392e-01,4.546132386450825735e-01,1.492913056929466631e+00,7.815800320173273141e-02,0.000000000000000000e+00
-2.088423640853211083e+00,5.286900152219539128e-01,2.831229696718775113e+00,-2.549300321408788372e-01,4.542148697976252647e-01,1.490746532387253742e+00,6.663105428927017237e-02,0.000000000000000000e+00
-1.988650942320230319e+00,5.249575142646940584e-01,2.995013330982479349e+00,1.057990372280710606e-01,4.648927232579468383e-01,1.477566762526604238e+00,-3.739260586296248856e-02,0.000000000000000000e+00
-1.889287839865027241e+00,5.329989898595723918e-01,3.144414746828257279e+00,5.573387133344204214e-02,4.646516153295071061e-01,1.475521036683884679e+00,8.075420009448489034e-02,0.000000000000000000e+00
-1.789192650108805127e+00,5.320779301386316940e-01,3.051155754871797576e+00,-1.554227366452945736e-01,4.740913664967653651e-01,1.464461742940581956e+00,-9.201578297172434417e-03,0.000000000000000000e+00
-1.689688887000746043e+00,5.395460330072988642e-01,2.799918583957642593e+00,-3.720685189600250742e-01,4.758169912517355993e-01,1.462417056653902314e+00,7.491302010469838568e-02,0.000000000000000000e+00
-1.590277101912163316e+00,5.329785460504069539e-01,2.611733975639767724e+00,9.233363502744340590e-02,4.920110656704579366e-01,1.447407616474583270e+00,-6.596760689230571351e-02,0.000000000000000000e+00
-1.490291009610547057e+00,5.313699309015277317e-01,2.395137129197485670e+00,6.910646843387615590e-01,5.039580108579121420e-01,1.437514508579790018e+00,-1.608700114279054683e-02,0.000000000000000000e+00
-1.390658716422573882e+00,5.375307457189756333e-01,2.186693880028728110e+00,1.578068449447369848e-01,5.086782492657725419e-01,1.437301777032202743e+00,6.175688982882956979e-02,0.000000000000000000e+00
-1.291198340514303267e+00,5.507455522554600691e-01,1.840600299146017749e+00,-7.939607755946949119e-01,5.068505111962242626e-01,1.446686611377933529e+00,1.320913877276900239e-01,0.000000000000000000e+00
-1.191525646247499459e+00,5.483799197856755736e-01,1.865646320594972485e+00,-1.394111787974127437e-01,5.208754963706616614e-01,1.442626870021691099e+00,-2.372955249052342147e-02,0.000000000000000000e+00
-1.092518001896066293e+00,5.384747213805141097e-01,2.032309138050114594e+00,6.021348188154399539e-01,5.426315638916855422e-01,1.431571112142042912e+00,-9.971299300532117382e-02,0.000000000000000000e+00
-9.934584024623156484e-01,5.537603039516827419e-01,2.226779716445590029e+00,-2.948372861958813498e-02,5.397198773217395384e-01,1.447515700997505483e+00,1.530994185359599580e-01,0.000000000000000000e+00
-8.940221918708397553e-01,5.498471592241653827e-01,2.323023541699645644e+00,1.777931117289086871e-01,5.561014812761617687e-01,1.445055773710480773e+00,-3.933302068673186908e-02,0.000000000000000000e+00
-7.941968687672132932e-01,5.580417119807182802e-01,2.303693096682795094e+00,3.931263684721289509e-02,5.606728189162696330e-01,1.454466658544063318e+00,8.190527201248504197e-02,0.000000000000000000e+00
-6.946445838529309302e-01,5.683027365537910436e-01,2.480049516927371300e+00,-3.560862943187159124e-01,5.632343244712961772e-01,1.464233166948114340e+00,1.027090187904558111e-01,0.000000000000000000e+00
-5.948829414874103882e-01,5.639108317075403054e-01,2.322864509526984200e+00,3.817293356028229057e-01,5.803676992162966064e-01,1.454686654576801352e+00,-4.399557489143349903e-02,0.000000000000000000e+00
-4.952531652331271794e-01,5.725944187016858145e-01,2.322515407245725694e+00,4.457981507330204818e-01,5.844511883942210551e-01,1.455706809396689394e+00,8.693884886243039012e-02,0.000000000000000000e+00
-3.960226497849501093e-01,5.849571244486273525e-01,2.514710002236042463e+00,-1.712724126304629793e-02,5.847062635309658862e-01,1.458232392997193649e+00,1.239470726060904748e-01,0.000000000000000000e+00
-2.965015362430678536e-01,5.947446870782023831e-01,2.695798081801829671e+00,-6.961226827187283472e-02,5.873576373988598220e-01,1.458010465386676335e+00,9.803135109072852460e-02,0.000000000000000000e+00
-1.970659288072542370e-01,6.053249561804602275e-01,2.867724405354138639e+00,9.203616315292885430e-02,5.889506462827167610e-01,1.459129907428389439e+00,1.060043755779503521e-01,0.000000000000000000e+00
-9.749608936212418586e-02,6.141219919843876607e-01,3.028401861975035914e+00,3.715269122656991163e-01,5.920031189813448336e-01,1.459125445352330575e+00,8.812159561582992573e-02,0.000000000000000000e+00
1.341734401775208398e-03,6.293362086529717958e-01,3.146752414683554377e+00,2.963509269723580974e-01,5.882089203555150858e-01,1.465826518807435086e+00,1.527323265643314998e-01,0.000000000000000000e+00
9.953347318323627069e-02,6.482080298118246819e-01,3.296707141438973476e+00,4.919165023182561422e-03,5.802750476865561335e-01,1.476845736305086199e+00,1.898782365837227704e-01,0.000000000000000000e+00
1.980732106766239509e-01,6.650823384682101880e-01,3.441947470662586550e+00,-3.336092039949651363e-03,5.739117589983768752e-01,1.486075737890579118e+00,1.695986690572357791e-01,0.000000000000000000e+00
2.965166505997325896e-01,6.824855331028272243e-01,3.577893841969367106e+00,1.819383136825208636e-01,5.665269245372885898e-01,1.495656809012444688e+00,1.749758290770881408e-01,0.000000000000000000e+00
3.948094183403990098e-01,7.006939194334809162e-01,3.391352352828072458e+00,1.955370353782175108e-01,5.578067003714054506e-01,1.504931286608807151e+00,1.831700505534104018e-01,0.000000000000000000e+00
4.920597806961130583e-01,7.238932346358907255e-01,3.134737070900531108e+00,1.672461390486105759e-01,5.434430942333253745e-01,1.517750933986469430e+00,2.341758488187875575e-01,0.000000000000000000e+00
5.900240646422267865e-01,7.439685680673513435e-01,2.869258782959088983e+00,4.183075460417281510e-01,5.316846320535386639e-01,1.527123522537110700e+00,2.021266455006005824e-01,0.000000000000000000e+00
6.859182730958074403e-01,7.717765597089245588e-01,2.861978488924420194e+00,1.965896271652857741e-01,5.113403887722191010e-01,1.545105448288570438e+00,2.822446398652390664e-01,0.000000000000000000e+00
7.806383482307820421e-01,8.032877606650520308e-01,3.025958144199434319e+00,-1.530584391258600907e-01,4.864998082211222652e-01,1.567828994517326047e+00,3.211598381349513587e-01,0.000000000000000000e+00
8.769249386318408446e-01,8.269776055708457640e-01,3.096325140000755205e+00,2.052494273147938142e-01,4.689493347761581887e-01,1.583180519763199845e+00,2.412431728497068661e-01,0.000000000000000000e+00
9.722135942420364607e-01,8.565865576326299191e-01,3.095608139106981849e+00,2.766829943477453480e-01,4.447177039784963037e-01,1.607026300092767812e+00,3.012706506194568479e-01,0.000000000000000000e+00
1.065742953955262529e+00,8.899939231600396683e-01,3.056196904286996308e+00,-2.271873516686426925e-02,4.158592791684735945e-01,1.578196278610656034e+00,3.430620852268739807e-01,0.000000000000000000e+00
1.160657562778687257e+00,9.203978477866381347e-01,2.786155338646179924e+00,1.979267134136568629e-01,3.896301135070767141e-01,1.509699408043824853e+00,3.100015745888713981e-01,0.000000000000000000e+00
1.255393700064213469e+00,9.523427870177995080e-01,2.636049941058211665e+00,7.627004902886100335e-02,3.619308223403163161e-01,1.443206093906007403e+00,3.252256906917656010e-01,0.000000000000000000e+00
1.345993306603513906e+00,9.914909693436613214e-01,2.387453237876105749e+00,-1.172141061929875411e-01,3.280077766100937264e-01,1.385512181533240517e+00,4.078698671569989109e-01,0.000000000000000000e+00
1.440161137524947454e+00,1.016037288818047113e+00,2.050891512033945485e+00,5.766894147038733598e-01,3.108912010557196570e-01,1.316856616647783751e+00,2.549914648710324139e-01,0.000000000000000000e+00
1.523123816134563269e+00,1.055019849799510245e+00,2.025568030067126823e+00,3.193383832602441630e-01,2.807878834343713881e-01,1.268555842328544347e+00,4.392631628869061444e-01,0.000000000000000000e+00
1.612876042722986458e+00,1.097104017531999931e+00,2.163826083722490079e+00,-1.629329493139511364e-01,2.446831972831125801e-01,1.215477552032935504e+00,4.384535822825220697e-01,0.000000000000000000e+00
1.704933950204662541e+00,1.133586632162965291e+00,1.792434021308912051e+00,8.684489757832877799e-02,2.180758817849321463e-01,1.161282658945751223e+00,3.773132766884082501e-01,0.000000000000000000e+00
1.780298961523251844e+00,1.168921156938013572e+00,1.423418481059894658e+00,-7.742815179088887723e-01,1.952601559181487423e-01,1.120001842390025093e+00,4.384146178380725067e-01,0.000000000000000000e+00
1.863021262952825330e+00,1.205113556976261435e+00,1.459550262385625130e+00,-5.397943384779955167e-01,1.788569628565211400e-01,1.075328087650174735e+00,4.124245772773507679e-01,0.000000000000000000e+00
1.960048036733774035e+00,1.220728357702205669e+00,1.722413043303233415e+00,6.549330979737469915e-01,1.868486428946274092e-01,1.008260555906022260e+00,1.595647499229620736e-01,0.000000000000000000e+00
2.043796428438135138e+00,1.263521228771633309e+00,1.913867279204534588e+00,2.104206295057174658e-01,1.657058293410820782e-01,9.678016733733195709e-01,4.723846231310501187e-01,0.000000000000000000e+00
2.133957432502871399e+00,1.295489187006971132e+00,2.108738347243565237e+00,-2.914740152803005357e-01,1.647060866439082616e-01,9.166581287241211129e-01,3.407360468640412421e-01,0.000000000000000000e+00
2.225260677725709346e+00,1.330432458750475000e+00,2.310296026004431624e+00,2.264079747281168842e-01,1.703510477035418968e-01,8.666035922500494593e-01,3.655187262317143859e-01,0.000000000000000000e+00
2.318958656674263707e+00,1.362719331922865207e+00,2.455376227354210350e+00,2.675581412464638764e-01,1.894901400322083207e-01,8.121928997423292218e-01,3.318422163745070597e-01,0.000000000000000000e+00
2.407771002139542649e+00,1.407057377005334953e+00,2.115144078356380408e+00,-2.810713746907038124e-01,2.072469412194551663e-01,7.668155559264107080e-01,4.630337434228634086e-01,0.000000000000000000e+00
2.497987700747704043e+00,1.438811865608979668e+00,1.838063318194536055e+00,1.360159396120525499e-01,2.474647550479237845e-01,7.104316969574883123e-01,3.384377972697376058e-01,0.000000000000000000e+00
2.589134848642838271e+00,1.471638007593221387e+00,1.473045337325646464e+00,1.376353863665654265e+00,2.923052959256148275e-01,6.518370052636852652e-01,3.456834764523717407e-01,0.000000000000000000e+00
2.673228491320421618e+00,1.518906759197966805e+00,1.478291061262140715e+00,1.152289704101107315e+00,3.277217278764157915e-01,6.058766468829408502e-01,5.120829759352207855e-01,0.000000000000000000e+00
2.743974231508245154e+00,1.580276056329890100e+00,1.479419494180616024e+00,-7.176121528439733943e-01,3.518653021416200954e-01,5.786953026561960645e-01,7.145451582155040171e-01,0.000000000000000000e+00
2.826090674364100330e+00,1.633661445084341413e+00,1.436711028201505869e+00,-1.504154596225488749e+00,3.959201429921527793e-01,5.375555264541942435e-01,5.764582641776923033e-01,0.000000000000000000e+00
2.907557944700658314e+00,1.662694526033929199e+00,1.338920054318851527e+00,3.014674810878172906e-01,4.517809088266998563e-01,4.829561957398747496e-01,3.423447669187937303e-01,0.000000000000000000e+00
2.992369298927595622e+00,1.698664029076077941e+00,8.647985432302295328e-01,2.445353332575663785e+00,5.092640594560999823e-01,4.335760256282991110e-01,4.011181629318592567e-01,0.000000000000000000e+00
3.071131790299018061e+00,1.755426227862450173e+00,1.009512648758613906e+00,2.068577345594554640e+00,5.545518200058960900e-01,4.043645398379291378e-01,6.244677945016099407e-01,0.000000000000000000e+00
3.097488043893342091e+00,1.828378005606444257e+00,7.623997699774872627e-01,-6.857738821105755278e+00,5.450833080906091199e-01,4.241739185996337147e-01,1.224105210875045868e+00,0.000000000000000000e+00
3.146636644786969583e+00,1.831069017196074844e+00,4.954347773582654102e-01,-5.052880291268289081e-01,5.882350635111255333e-01,3.893714205796864336e-01,5.469794238161083955e-02,0.000000000000000000e+00
3.229285544575630773e+00,1.873936273290996324e+00,1.014318566198685545e+00,9.717881999022944806e-01,6.414034339582340705e-01,3.520746432693733219e-01,4.784694359979221878e-01,0.000000000000000000e+00
3.311335769084509995e+00,1.927147098964505867e+00,1.370816241992330875e+00,4.918922563228806388e-01,6.884635715434677117e-01,3.291924839730391850e-01,5.753307840902205372e-01,0.000000000000000000e+00
3.393520987885029871e+00,1.979320724000682041e+00,1.680880820417240074e+00,7.620213119560019788e-01,7.345597056055797047e-01,3.134631996700877887e-01,5.656367198952796382e-01,0.000000000000000000e+00
3.468656934937925040e+00,2.040746326867536986e+00,1.381579140058930344e+00,1.660296180200850458e+00,7.673937179625331950e-01,3.120425236334906649e-01,6.853366436839601894e-01,0.000000000000000000e+00
3.541291759824806373e+00,2.108208629849865900e+00,1.640091906243269504e+00,1.638750199324273460e+00,7.929772952415206078e-01,3.222756272138271871e-01,7.484939557094943963e-01,0.000000000000000000e+00
3.572071819448250363e+00,2.192033377775888248e+00,1.916399808913713976e+00,-5.161065331243815946e-01,7.740706001077680698e-01,3.796559113998694834e-01,1.218885563331451038e+00,0.000000000000000000e+00
3.639949234036589321e+00,2.262768874226152249e+00,1.934098930327860177e+00,1.525690783981283327e-01,7.914394332797900500e-01,4.079959812142046616e-01,8.060144025787582267e-01,0.000000000000000000e+00
3.695417970711404987e+00,2.342294096867252318e+00,2.080394066055156976e+00,1.391736349972448217e+00,7.927547561317579428e-01,4.563072751021098328e-01,9.617510837903572307e-01,0.000000000000000000e+00
3.739193942482132993e+00,2.427132113026072791e+00,2.380280490677715299e+00,1.255706493520954314e+00,7.828015834512610516e-01,5.197325385519470098e-01,1.094434940914216225e+00,0.000000000000000000e+00
3.774075574909325770e+00,2.517802659726556147e+00,2.635354596113430148e+00,7.044288444965942642e-01,7.658923192974036454e-01,5.951819845991332958e-01,1.203542317065900313e+00,0.000000000000000000e+00
3.798117806337284019e+00,2.615101484081064687e+00,2.731969298855645434e+00,6.411893742892764703e-01,7.452219333180447602e-01,6.792964743428110408e-01,1.328551916363014396e+00,0.000000000000000000e+00
3.824749973025957761e+00,2.695427516619508967e+00,2.564656860479243683e+00,1.313676350264857406e+00,7.421152394559614729e-01,7.501692240753097263e-01,1.250650838275234378e+00,0.000000000000000000e+00
3.831934130478543477e+00,2.794804549804760008e+00,2.474711585302045602e+00,1.434853860327292674e+00,7.261353820722503682e-01,7.820737787702572996e-01,1.498629939621102025e+00,0.000000000000000000e+00
3.833230001471503279e+00,2.886346291715682355e+00,2.181133617325117235e+00,1.821612340175827516e+00,7.180275440273733434e-01,7.787199548333715304e-01,1.556641205703350295e+00,0.000000000000000000e+00
3.813886592144012155e+00,2.987821878592547442e+00,2.340373566213175049e+00,1.985146047549000814e+00,7.019463013621130010e-01,7.993615044481533483e-01,1.759157867344444792e+00,0.000000000000000000e+00
3.774427181438275714e+00,3.061495345556347392e+00,2.620648465176220743e+00,1.847860357788297492e+00,6.748302340514363840e-01,7.232043503755826164e-01,2.062515661987190718e+00,0.000000000000000000e+00
3.741747273853975209e+00,3.129047314922479117e+00,2.883463241960823709e+00,1.232033973660969117e+00,6.616740201138445743e-01,6.528280999713892419e-01,2.021379332006689733e+00,0.000000000000000000e+00
3.683628029812044069e+00,3.197125289800696546e+00,3.097072449465370525e+00,4.365701067052156770e-01,6.342310891712616971e-01,5.770519286086335242e-01,2.277443663442557220e+00,0.000000000000000000e+00
3.632232096397353338e+00,3.267103847447958564e+00,3.276487178935973521e+00,2.690257012247417867e-01,6.252568700828721182e-01,5.019218536186448310e-01,2.204272618408359641e+00,0.000000000000000000e+00
3.571065638593693858e+00,3.338376135791771837e+00,3.012428789474678847e+00,8.902811035367883541e-01,6.216121809153090094e-01,4.212634069184491015e-01,2.280036378309560519e+00,0.000000000000000000e+00
3.507770377912294180e+00,3.409834177945941569e+00,2.804284938095176649e+00,1.581794879012700772e+00,6.298026224674053708e-01,3.438186591994674690e-01,2.295692676884556693e+00,0.000000000000000000e+00
3.427525799031646780e+00,3.466571585117478982e+00,2.629031945752078325e+00,2.010929244936513260e+00,6.307211816914950475e-01,2.761780578029326416e-01,2.526146831371831158e+00,0.000000000000000000e+00
3.343352323196381093e+00,3.509699776609174204e+00,2.681252537525519397e+00,1.463837902549835812e+00,6.326489899232076164e-01,2.200915894985439047e-01,2.668095944756718740e+00,0.000000000000000000e+00
3.245962355968695423e+00,3.530793206857371302e+00,2.922213390733968907e+00,5.830726733606099721e-01,6.240751964905144611e-01,1.848545817300298322e-01,2.928299818635250684e+00,0.000000000000000000e+00
3.169074005137689554e+00,3.555463426166213470e+00,2.917764538926876483e+00,9.775907112478043892e-01,6.364654861103286043e-01,1.496319294177297365e-01,2.831111874235580306e+00,0.000000000000000000e+00
3.072643001316672340e+00,3.573277465638617478e+00,2.928659335925355212e+00,1.206826468754365056e+00,6.525596546976429879e-01,1.164486367415990681e-01,2.958918554152223379e+00,0.000000000000000000e+00
2.974013365112471607e+00,3.574268766942630737e+00,2.936410296401797737e+00,1.331073568709880472e+00,6.664591235636148081e-01,9.605610327692923334e-02,3.131542247194698092e+00,0.000000000000000000e+00
2.875861899852023118e+00,3.571463834840172602e+00,2.966766278899402920e+00,1.283129172479910318e+00,6.904983336882665190e-01,7.668576211256504516e-02,-3.113022841687064446e+00,0.000000000000000000e+00
2.780843752496047649e+00,3.541542070741393378e+00,3.159450022753499177e+00,5.379595629055262673e-01,7.016215564226009338e-01,7.908451136950957194e-02,-2.836517543432659050e+00,0.000000000000000000e+00
2.684664318199138755e+00,3.520640698831616344e+00,3.371763297515614877e+00,6.100742761910048495e-01,7.329778755743612262e-01,7.079919244862567518e-02,-2.927603460632701271e+00,0.000000000000000000e+00
2.594154862364137948e+00,3.488751406310972580e+00,3.304520135557370786e+00,9.201205838436333773e-01,7.612913212088027182e-01,7.277238563873152100e-02,-2.802842677265118265e+00,0.000000000000000000e+00
2.504707083172497573e+00,3.449132670436380277e+00,2.937648486097213851e+00,1.133354330678445709e+00,7.889568761990138901e-01,7.967821038473976714e-02,-2.724637122091284613e+00,0.000000000000000000e+00
2.417632058291716568e+00,3.402873537319111019e+00,2.902595730652902439e+00,1.379842598371116891e+00,8.131910966201559843e-01,9.182646064297282640e-02,-2.653253990052760525e+00,0.000000000000000000e+00
2.343689397181435208e+00,3.338270353407399860e+00,3.044667943115658471e+00,7.581315242922269659e-01,8.161785822987134287e-01,1.255495498715677449e-01,-2.423503392919453603e+00,0.000000000000000000e+00
2.269950736615431452e+00,3.272829236681208620e+00,3.241267089124763245e+00,2.496243857443638040e-02,8.188834869649516124e-01,1.593684233487777380e-01,-2.415741461904513443e+00,0.000000000000000000e+00
2.199665154482374430e+00,3.203256978758024953e+00,3.462076357243785818e+00,8.647385683847649829e-02,8.168119187059174058e-01,1.979576537371696976e-01,-2.361294797935611367e+00,0.000000000000000000e+00
2.121450961398377633e+00,3.140684248442191961e+00,3.195958193566170724e+00,1.440877392101726218e-01,8.261205829616845575e-01,2.249032928539587139e-01,-2.466840985373130568e+00,0.000000000000000000e+00
2.057605145032309846e+00,3.065417538097755301e+00,2.878593080803194759e+00,1.781263305898950211e-01,8.120895562077146135e-01,2.671107814779454803e-01,-2.274279955856846058e+00,0.000000000000000000e+00
1.977615711262735942e+00,3.005199013343272441e+00,2.442560181072044312e+00,1.017581440722632014e+00,8.201497709371844413e-01,2.908994309922886545e-01,-2.496282170767034181e+00,0.000000000000000000e+00
1.922315503389261160e+00,2.924400925437431020e+00,2.266588721360086822e+00,1.822376266077125329e-01,7.970506280792007958e-01,3.417223639578073069e-01,-2.170992412927707171e+00,0.000000000000000000e+00
1.871845839811508316e+00,2.853258371346323319e+00,2.488381330983393536e+00,-7.005779030188057366e-01,7.768679172180898984e-01,3.865290095415467864e-01,-2.187813815363246928e+00,0.000000000000000000e+00
1.797471580960684934e+00,2.787457583861254751e+00,2.728466037085479634e+00,1.236895972621996770e-01,7.724524795082974293e-01,4.175555163448742002e-01,-2.417281001589466793e+00,0.000000000000000000e+00
1.738952215197302698e+00,2.707274403814234898e+00,2.925663953509491932e+00,-6.341957346116741667e-02,7.457431184316888340e-01,4.697541351492476314e-01,-2.201257278474988421e+00,0.000000000000000000e+00
1.667335750979847431e+00,2.637540316914659400e+00,3.153872593735667085e+00,-1.539304707879390333e-01,7.325302997845819508e-01,5.085571045241242816e-01,-2.369510788135737567e+00,0.000000000000000000e+00
1.603584123003603645e+00,2.562252640499391276e+00,3.330246008963754445e+00,-3.833907970792063691e-01,7.057507507091346222e-01,5.544353583474641578e-01,-2.273414401348921920e+00,0.000000000000000000e+00
1.532761496849039728e+00,2.491746242017932822e+00,3.462880709184076089e+00,-6.510401158363789964e-01,6.816156327060837183e-01,5.980804739173656293e-01,-2.358432014622919404e+00,0.000000000000000000e+00
1.456806173568250706e+00,2.427121489702145141e+00,3.437421457040569894e+00,-2.732903249846863059e-01,6.589972222364308685e-01,6.402049716298906512e-01,-2.436619337567657695e+00,0.000000000000000000e+00
1.379580205838072837e+00,2.364045717762718102e+00,3.090863292587904709e+00,-5.606524816819599133e-01,6.286449992154268251e-01,6.801347950638315654e-01,-2.456710055890744648e+00,0.000000000000000000e+00
1.304632239171779728e+00,2.301642826566920430e+00,3.160391093533783113e+00,-8.192365919734114765e-01,5.926412547040134093e-01,7.263619810506074526e-01,-2.447277752977028431e+00,0.000000000000000000e+00
1.216426994929648009e+00,2.256391451791565306e+00,3.368004097444915690e+00,-4.779967369856118475e-01,5.672521389001458081e-01,7.571530436617907034e-01,-2.667580505532120672e+00,0.000000000000000000e+00
1.134397418573665828e+00,2.201748757409583312e+00,3.379328673398236393e+00,-7.101142566502040010e-01,5.271388174858824271e-01,8.017722744600487284e-01,-2.553958871387108420e+00,0.000000000000000000e+00
1.042834878568401624e+00,2.164203155238049625e+00,3.416797208572211808e+00,-6.729292372466592065e-01,5.019534134171961259e-01,8.344632473930920780e-01,-2.752449041233940186e+00,0.000000000000000000e+00
9.513463304790478192e-01,2.126110794759770162e+00,3.613687261942470919e+00,-4.471397298733501002e-01,4.712438482697268727e-01,8.685884650979239785e-01,-2.747061107259312962e+00,0.000000000000000000e+00
8.581574385410017936e-01,2.095997382014642252e+00,3.799848423976455170e+00,-5.518499704607372491e-01,4.472540464663971593e-01,8.998824769550626268e-01,-2.829040538048935183e+00,0.000000000000000000e+00
7.650680323877308009e-01,2.067755239669688549e+00,3.982134109934365895e+00,-6.126859518754030898e-01,4.241508369303617632e-01,9.316686530952494882e-01,-2.847031161152592915e+00,0.000000000000000000e+00
6.680527741499424632e-01,2.048127342806752793e+00,3.911384049166407362e+00,-7.178726824690726538e-01,4.088619933867753686e-01,9.547238434010255625e-01,-2.941969602381330429e+00,0.000000000000000000e+00
5.697333952688153902e-01,2.031400587274924785e+00,3.930914927561581340e+00,-6.996220981892322666e-01,3.958631357676819507e-01,9.745542309263636183e-01,-2.973079317701757152e+00,0.000000000000000000e+00
4.697092014449628650e-01,2.027550229270508542e+00,4.007736934988886723e+00,-4.296855805430328523e-01,3.953097500451294155e-01,9.760153229828044674e-01,-3.103117383605376034e+00,0.000000000000000000e+00
3.702913573220201759e-01,2.022588609637714363e+00,3.713053903254980970e+00,-3.594428924953798066e-01,3.934357663113898784e-01,9.726100319671537875e-01,-3.091727294412852878e+00,0.000000000000000000e+00
2.704413485760014946e-01,2.024074008474753494e+00,3.401011115755227632e+00,-6.876180974578376404e-01,3.979758769511321237e-01,9.605231119558963471e-01,3.126717449319242448e+00,0.000000000000000000e+00
1.713620514701284792e-01,2.028064734753921350e+00,3.419070369263043752e+00,-3.822172187919875563e-01,4.052059361373216428e-01,9.463560921879471399e-01,3.101336309348556863e+00,0.000000000000000000e+00
7.467092137089542669e-02,2.047743467505278581e+00,3.622614751513983933e+00,3.328332309728453120e-02,4.285585244596738508e-01,9.188155476616058914e-01,2.940813251935389339e+00,0.000000000000000000e+00
-2.484274636717563253e-02,2.048182708564440180e+00,3.805169016769642809e+00,-3.698290012866333742e-01,4.331225258264202460e-01,9.099066540060423147e-01,3.137178805555625782e+00,0.000000000000000000e+00
-1.213318030065893283e-01,2.070135200416516774e+00,3.814343959887338542e+00,-2.696001107528877005e-01,4.600260127896280138e-01,8.828353584946474486e-01,2.917887818368141595e+00,0.000000000000000000e+00
-2.200035810640487421e-01,2.082668212110730721e+00,3.496763675850502739e+00,1.340098127050387278e-01,4.780013712254317371e-01,8.683644945393775849e-01,3.015252001186716768e+00,0.000000000000000000e+00
-3.166265775892172507e-01,2.103154966199704656e+00,3.149318340686270368e+00,5.435686671563265404e-02,5.033778746308961161e-01,8.483145173640451731e-01,2.932659174698999838e+00,0.000000000000000000e+00
-4.156010622471516536e-01,2.111895675232797753e+00,2.735390115951709777e+00,-2.825935648815864343e-01,5.187588822330224669e-01,8.411911532242573042e-01,3.053508421938626149e+00,0.000000000000000000e+00
-5.092050082414397716e-01,2.133619194169016797e+00,2.253994049771316899e+00,9.346263524249839305e-01,5.476800080431927231e-01,8.206281604124260332e-01,2.913550529252555865e+00,0.000000000000000000e+00
-6.069344885773471088e-01,2.151324845291012533e+00,2.272328652790964743e+00,1.687016889648779605e+00,5.746629888358161242e-01,8.046707349393827924e-01,2.962366653714670672e+00,0.000000000000000000e+00
-6.880665473852547454e-01,2.124838936903576947e+00,2.536063495201200446e+00,-6.791409536350146992e-01,5.575714488770390220e-01,8.312587529697753608e-01,-2.826045964730065307e+00,0.000000000000000000e+00
-7.860559740339069235e-01,2.137188175874833007e+00,2.748239073609204830e+00,-4.894862934231101748e-01,5.826006040976615674e-01,8.177168542690033126e-01,3.016227335596566306e+00,0.000000000000000000e+00
-8.855717876905486730e-01,2.136581080805683541e+00,2.390320304049890598e+00,9.718019107037428883e-02,5.966941696227319181e-01,8.130671666675880482e-01,-3.135492240843293921e+00,0.000000000000000000e+00
-9.809872880586030242e-01,2.143186798769607826e+00,1.729585322656102653e+00,2.316744700597281881e+00,6.193385265619295588e-01,7.986451204171859386e-01,3.072471865284195136e+00,0.000000000000000000e+00
-1.078753182673217070e+00,2.144492246410978353e+00,1.710953356869959752e+00,3.925577065768729224e+00,6.367328819176266697e-01,7.860291415731559539e-01,3.128240655237056078e+00,0.000000000000000000e+00
-1.123313262853556704e+00,2.060354826301184605e+00,1.546385003784020329e+00,-4.847435505167768000e+00,5.616394289690546104e-01,8.611427886899438722e-01,-2.057850951022119457e+00,0.000000000000000000e+00
-1.222974548020872465e+00,2.057728533108726943e+00,1.615278945408214373e+00,-1.467143799787420200e+01,5.798442554576496155e-01,8.444146227573843255e-01,-3.115246560333329473e+00,0.000000000000000000e+00
-1.238622110339504756e+00,2.154027264248517870e+00,1.620325612292619510e+00,-8.369782052661646210e-01,6.774020738332602320e-01,7.472906815996982477e-01,1.731878301374101925e+00,0.000000000000000000e+00
-1.228020822581999738e+00,2.275093431666992405e+00,1.590154980154320441e+00,1.183546299183234751e+01,7.940374537133114696e-01,6.298060810321376435e-01,1.483453052237534653e+00,0.000000000000000000e+00
-1.315159925842995348e+00,2.282420614011365867e+00,1.715447766395445939e+00,4.142448212016139664e+00,8.186294077484991272e-01,6.039340396183950910e-01,3.057703950286589478e+00,0.000000000000000000e+00
-1.414496560286768290e+00,2.280371009719536879e+00,2.195352711849390293e+00,9.144681105797124454e-01,8.392906487595495069e-01,5.845010623939822514e-01,-3.120962666203988878e+00,0.000000000000000000e+00
-1.510657709850788288e+00,2.269961445331869943e+00,2.497647372963130774e+00,4.229823565810950647e-01,8.533746709903464733e-01,5.760122597877642692e-01,-3.033761299266521938e+00,0.000000000000000000e+00
-1.604061203288655424e+00,2.250288176271464824e+00,2.792606760615104822e+00,1.101955542598051507e-01,8.597940334144946739e-01,5.810670388473991865e-01,-2.934000310669723000e+00,0.000000000000000000e+00
-1.700431201772827805e+00,2.242633138568367990e+00,3.032215142003902297e+00,6.666401301716742278e-01,8.777991247531720109e-01,5.736995885731153155e-01,-3.062325266545316449e+00,0.000000000000000000e+00
-1.793339825989036518e+00,2.216153865980150073e+00,3.187496900822645696e+00,4.793293479695688863e-01,8.790316721611970419e-01,5.922355028041795810e-01,-2.863950363864304016e+00,0.000000000000000000e+00
-1.886944126310047043e+00,2.190834998218929019e+00,3.401714066739484288e+00,4.212369797225294643e-02,8.827532368442552180e-01,6.170238108786255671e-01,-2.877425756484974784e+00,0.000000000000000000e+00
-1.980953134832969198e+00,2.163841753694782266e+00,3.583753671256109108e+00,-2.728045005138907131e-01,8.847927594389555228e-01,6.444513830327051052e-01,-2.861980313342189053e+00,0.000000000000000000e+00
-2.073131470653513109e+00,2.137468708235144899e+00,3.803360721754772911e+00,-4.539184779122577562e-01,8.853546988784694038e-01,6.807865509063354414e-01,-2.862928168520352035e+00,0.000000000000000000e+00
-2.165854806776997155e+00,2.122952858444630220e+00,3.972350241370566692e+00,-4.871270026221996563e-01,8.945431200015524498e-01,7.057791711380999589e-01,-2.986302953467601107e+00,0.000000000000000000e+00
-2.259967049994758170e+00,2.100630084948824194e+00,4.062668323140398385e+00,-7.717140666245551062e-01,8.367309614510923810e-01,7.455552692088571742e-01,-2.908703398500898984e+00,0.000000000000000000e+00
-2.344811821717112554e+00,2.101241666038648592e+00,4.029044344231677677e+00,-3.139112416601723687e-01,7.713044092042709021e-01,7.634010768278208792e-01,3.134384542996426326e+00,0.000000000000000000e+00
-2.442907258319736208e+00,2.089526321055356739e+00,3.735747687977971410e+00,-3.799383513950646551e-01,6.890454404108969921e-01,7.998232985377780047e-01,-3.022727613827024928e+00,0.000000000000000000e+00
-2.539290171001295615e+00,2.089152202033313976e+00,3.745620944511019346e+00,-5.688315544522413170e-01,6.140487898775707221e-01,8.303528637605552820e-01,-3.137711082336837265e+00,0.000000000000000000e+00
-2.632383568835257481e+00,2.092469588304453953e+00,3.420936214101143236e+00,-5.893374053648569033e-01,5.475868033041835226e-01,8.557136224289566551e-01,3.105972693240877547e+00,0.000000000000000000e+00
-2.728748302159786032e+00,2.097413923964479565e+00,3.147377976123732601e+00,-9.609935431124698724e-01,4.781054325429275886e-01,8.856795780826689501e-01,3.090329047466316315e+00,0.000000000000000000e+00
-2.825668218430887890e+00,2.116793196478914396e+00,2.820738646177209485e+00,-7.490076584493464695e-01,4.242159276175164750e-01,9.056800285992039345e-01,2.944243829230359655e+00,0.000000000000000000e+00
-2.920744000821065001e+00,2.142752905411796416e+00,2.281529647713475217e+00,9.861950290818921605e-01,3.802617392954754094e-01,9.188177011331335464e-01,2.875047423564406124e+00,0.000000000000000000e+00
-3.015454624346254775e+00,2.170242310844517686e+00,2.175714884359085222e+00,2.243594263752789253e+00,3.433075544138565749e-01,9.329745598221069747e-01,2.859108078993129798e+00,0.000000000000000000e+00
-3.072234293489890966e+00,2.136854026088842673e+00,2.046945226638148263e+00,-4.022912497149144784e+00,2.842561549591157144e-01,9.882461052246144240e-01,-2.610019340681594802e+00,0.000000000000000000e+00
-3.163133236148349514e+00,2.173724973602773947e+00,2.237203944368409747e+00,-1.868175717447822182e+00,2.741867308502420331e-01,9.931345565815130616e-01,2.756245960140847551e+00,0.000000000000000000e+00
-3.249095676972013180e+00,2.219362254218310238e+00,2.612953836576228817e+00,-4.857146540403488588e-01,2.891681626715329467e-01,9.853587021854524064e-01,2.653533331220078395e+00,0.000000000000000000e+00
-3.335737339674897051e+00,2.267351933999317115e+00,2.913884988631523232e+00,-3.467504175026084323e-01,3.158229394716082772e-01,9.702759458845017226e-01,2.635770176428030354e+00,0.000000000000000000e+00
-3.419356112140255366e+00,2.319596028199435889e+00,3.172213094835893976e+00,5.458048277325702746e-02,3.665897842231458648e-01,9.349813180308920169e-01,2.583145040221184630e+00,0.000000000000000000e+00
-3.499980978372026375e+00,2.371763958743390077e+00,3.405703214532585399e+00,6.889538958611653996e-01,4.214069703030706160e-01,8.879338196385042625e-01,2.567297445215698026e+00,0.000000000000000000e+00
-3.588409527367224072e+00,2.416612704622284280e+00,3.497000377732711218e+00,9.965466683806293302e-01,4.793964266778937278e-01,8.434985304102414760e-01,2.672221564845230990e+00,0.000000000000000000e+00
-3.678799118558044867e+00,2.454361894945400469e+00,3.218817450877163644e+00,1.118459171821557741e+00,5.401181639118014521e-01,8.001107845192436674e-01,2.745983008317629093e+00,0.000000000000000000e+00
-3.774609706937279263e+00,2.478959819199923142e+00,2.926389376900198069e+00,-1.059080080050316119e-01,5.904276467818709850e-01,7.664686162369871436e-01,2.890285350747348048e+00,0.000000000000000000e+00
-3.871825003028487533e+00,2.496238632831533799e+00,2.838469159348824711e+00,-4.243992773517364370e-01,6.461373942130922421e-01,7.389902707605340293e-01,2.965691973067053677e+00,0.000000000000000000e+00
-3.951443459870647157e+00,2.543502767158519529e+00,2.315878697237442108e+00,2.332317377979064243e+00,7.205985753146477713e-01,6.852400090034326263e-01,2.605868008218159115e+00,0.000000000000000000e+00
-4.048075664360047732e+00,2.548001976588854856e+00,2.253771851762134126e+00,2.254540380221011997e+00,7.681231317006792514e-01,6.708217942781331544e-01,3.095066110217704392e+00,0.000000000000000000e+00
-4.144142638384167299e+00,2.530680169772205002e+00,2.564872741610912499e+00,9.290267859272746120e-01,8.034529390176836650e-01,6.801401846274044427e-01,-2.963199755469129837e+00,0.000000000000000000e+00
-4.241632411453385210e+00,2.514339301063970744e+00,2.833433863836685607e+00,1.177581128246310227e+00,8.412298088360498083e-01,6.919803876607557580e-01,-2.975520214404450581e+00,0.000000000000000000e+00
-4.335275925587393608e+00,2.481733640499836469e+00,2.911397809339363985e+00,1.109863851246982058e+00,8.714118333804300454e-01,7.248155604489390225e-01,-2.806531926212002315e+00,0.000000000000000000e+00
-4.422569547409946900e+00,2.436588566236560727e+00,3.113733454822521729e+00,7.166386527530997919e-01,8.886092040284749860e-01,7.536166735070486400e-01,-2.664308721101458666e+00,0.000000000000000000e+00
-4.510685807465343977e+00,2.392693461577724889e+00,2.988660436441221258e+00,1.044657537982419448e+00,9.137719740831673487e-01,6.569375260289017637e-01,-2.679426233056920736e+00,0.000000000000000000e+00
-4.590446362784613044e+00,2.334367549397485586e+00,2.647922860712423887e+00,1.009209093544063185e+00,9.252973093417929951e-01,5.660471765995300775e-01,-2.510191714807940677e+00,0.000000000000000000e+00
-4.664453218607040874e+00,2.269581688081661053e+00,2.125107390244097783e+00,1.236478161593244529e+00,9.310016841943595800e-01,4.833843765872490317e-01,-2.422534163295431142e+00,0.000000000000000000e+00
-4.735111537139796489e+00,2.200568022094736786e+00,1.931724215831910119e+00,3.553569139417640521e+00,9.357529190725519808e-01,4.111014747518592638e-01,-2.367969052898880822e+00,0.000000000000000000e+00
-4.734514024989275427e+00,2.158489214951261559e+00,1.955369602675563367e+00,-1.137573206900477807e+00,9.060459592532129625e-01,4.070884053885058806e-01,-1.556597445313123274e+00,0.000000000000000000e+00
-4.796412068085999181e+00,2.084041669929275198e+00,2.265677364630164892e+00,-5.244752380321433538e-01,9.027599342379826197e-01,3.482089165983172641e-01,-2.264411231249965351e+00,0.000000000000000000e+00
-4.852276558647462323e+00,1.999079222977612869e+00,2.435285905736005674e+00,-5.818357493094773458e-01,8.879724234445155462e-01,3.189272547082806497e-01,-2.152439718676620206e+00,0.000000000000000000e+00
-4.884422991602127340e+00,1.966029739105049634e+00,2.620300362255466808e+00,-4.366092138121155930e-01,8.895450655570800169e-01,3.031223703799801883e-01,-2.342344034282308307e+00,0.000000000000000000e+00
-4.948474431586576294e+00,1.889677628302198320e+00,2.788391773984181921e+00,8.709563810382173199e-02,8.700628862082658843e-01,2.849309164888080836e-01,-2.268808209673554011e+00,0.000000000000000000e+00
-5.014103400887213624e+00,1.814661265221858555e+00,2.989293761355083845e+00,-3.998235900692871658e-02,7.952886707236631603e-01,2.986254727704907852e-01,-2.289548190951917750e+00,0.000000000000000000e+00
-5.075879504894905025e+00,1.738531150289887917e+00,2.809936140928225523e+00,-5.972092497774582620e-01,7.173781683710114265e-01,3.408268924656002175e-01,-2.252482638259505787e+00,0.000000000000000000e+00
-5.143268537676958019e+00,1.666328284081152855e+00,2.921367497119752077e+00,-7.676261529534847972e-01,6.430694552449347512e-01,3.828781509759232593e-01,-2.321723101891765229e+00,0.000000000000000000e+00
-5.215452911050862284e+00,1.608592306841100772e+00,3.124090355317762135e+00,-4.862443192118129365e-01,5.790860372333127559e-01,4.285760125901939555e-01,-2.466949043054483592e+00,0.000000000000000000e+00
-5.286291465260579692e+00,1.543233121472598945e+00,3.339901877990241186e+00,-6.819475866857012125e-01,5.086973239766148236e-01,4.951620692135146884e-01,-2.396403788436574089e+00,0.000000000000000000e+00
-5.369008972796883938e+00,1.489462926070271642e+00,3.371918765845789867e+00,-7.329550032721865449e-01,4.515530968420670144e-01,5.458440776702854214e-01,-2.565185007025827080e+00,0.000000000000000000e+00
-5.452406836189300776e+00,1.434823418898198533e+00,3.109663068867452029e+00,-9.080359815440834925e-01,3.892781881654684972e-01,6.093320026254108734e-01,-2.561593841690288809e+00,0.000000000000000000e+00
-5.541620776680701965e+00,1.392335182180433728e+00,3.164169196011394902e+00,-9.977021348185792782e-01,3.410261124393135779e-01,6.715532746090995264e-01,-2.697124032190069798e+00,0.000000000000000000e+00
-5.634075818868642394e+00,1.358534859018745822e+00,3.358477880412109595e+00,-7.696276516018137892e-01,3.054580558985971472e-01,7.252947819561562648e-01,-2.791100271393733845e+00,0.000000000000000000e+00
-5.729640272350644103e+00,1.330748279215862251e+00,3.087964138740582065e+00,-8.198902900546448658e-01,2.809585082718292215e-01,7.802923806717727562e-01,-2.858631829955813775e+00,0.000000000000000000e+00
-5.824207574698983869e+00,1.311175795806336142e+00,2.888367879228273427e+00,-2.196085629036645392e-02,2.602421652132098084e-01,8.356645705203356034e-01,-2.937505368878241097e+00,0.000000000000000000e+00
-5.923634065020777051e+00,1.300113095623613546e+00,2.612380411373589340e+00,1.734518847393569929e-01,2.525567283729354684e-01,8.932736547147314132e-01,-3.030783306185277581e+00,0.000000000000000000e+00
-5.987817714493078647e+00,1.268862556698679533e+00,2.296454178529645951e+00,-2.418980692112918440e+00,2.262776791077552307e-01,9.528624546555737318e-01,-2.688485904731779286e+00,0.000000000000000000e+00
-6.086997576366776741e+00,1.272283049625415163e+00,2.412917906672184643e+00,-1.636971770928103309e+00,2.367142464374363819e-01,9.995957628450863330e-01,3.107118540498759351e+00,0.000000000000000000e+00
-6.184926533545878513e+00,1.288230060487549622e+00,2.746355436254496851e+00,-8.817612532220749921e-01,2.571716772242820248e-01,1.042921966205819340e+00,2.980166932860058626e+00,0.000000000000000000e+00
-6.281226972355919536e+00,1.312008525148872229e+00,3.025363660002099220e+00,-6.858793173760183715e-01,2.805720271226197493e-01,1.086670166146337380e+00,2.899515296632840577e+00,0.000000000000000000e+00
-6.376075653173685964e+00,1.341752087448266462e+00,2.982849756330392843e+00,-9.989143597973215716e-01,3.026484382504880943e-01,1.132271331512262780e+00,2.837715409634827601e+00,0.000000000000000000e+00
-6.466145774820414971e+00,1.377191863967389462e+00,2.591607527009228917e+00,-1.859062609246026287e+00,3.196559841380486877e-01,1.177183883792558117e+00,2.766729329575101648e+00,0.000000000000000000e+00
-6.548400159935999554e+00,1.429356562434252131e+00,2.611665053009106341e+00,-1.715644088097844966e+00,3.264667015106308412e-01,1.212162276084602475e+00,2.576413898171649119e+00,0.000000000000000000e+00
-6.607658507635072453e+00,1.498244602646685353e+00,2.869094588085454589e+00,-3.772955577294200280e-01,3.319659519119045332e-01,1.219151805131948096e+00,2.281189429313208006e+00,0.000000000000000000e+00
-6.682472835877762307e+00,1.562536324733831750e+00,2.957298456639586348e+00,-8.271499899842903458e-01,3.099750259770344130e-01,1.248091312174658851e+00,2.431695191479123608e+00,0.000000000000000000e+00
-6.747991156749382213e+00,1.637117030284939156e+00,2.944295862057882740e+00,-1.677689995801745049e+00,2.936068404087813777e-01,1.271127314926530971e+00,2.291598918967109544e+00,0.000000000000000000e+00
-6.795375631228548485e+00,1.720125992666942993e+00,3.015089908615931957e+00,-8.158577529113706372e-01,2.937450147556687763e-01,1.281388186081185987e+00,2.089495350635013793e+00,0.000000000000000000e+00
-6.834781562294518054e+00,1.809515453296588250e+00,3.253495404691222781e+00,2.259226866316675977e-02,3.048887674579746077e-01,1.275374312108707331e+00,1.986001877712755048e+00,0.000000000000000000e+00
-6.883501670739722300e+00,1.896092182905564139e+00,3.471164560043209502e+00,-3.049463699402367722e-01,3.096309565942915731e-01,1.185269761509546216e+00,2.083367377865150694e+00,0.000000000000000000e+00
-6.924559185683246021e+00,1.985924588323035200e+00,3.436000682172946075e+00,-3.079859767440544793e-01,3.270708203069833675e-01,1.093695350864007931e+00,1.999493991367589762e+00,0.000000000000000000e+00
-6.961239358450446169e+00,2.077988116938153329e+00,3.053598259919642288e+00,7.022373240157359087e-01,3.494737586668970608e-01,9.998355223119738122e-01,1.949941971477726410e+00,0.000000000000000000e+00
-7.003352460129121049e+00,2.167297439984798402e+00,3.097816549120111951e+00,1.042156311250690859e+00,3.789498681289423243e-01,9.075961239341484577e-01,2.011419511440185381e+00,0.000000000000000000e+00
-7.061999921141254077e+00,2.243961675296087144e+00,2.857161440412974596e+00,2.707702545974504105e-01,4.009630813167020524e-01,8.284604836419564577e-01,2.223822933950707181e+00,0.000000000000000000e+00
-7.114131646070413595e+00,2.325647803598754670e+00,2.348819455352664232e+00,1.278952020214303875e+00,4.411006601264339522e-01,7.427075762443768880e-01,2.138828365786764163e+00,0.000000000000000000e+00
-7.168860421075001987e+00,2.401013593392654855e+00,2.438895040645854273e+00,2.308057425096901927e+00,4.859673476690813954e-01,6.634295960008351756e-01,2.198874461612022824e+00,0.000000000000000000e+00
-7.252302082506970393e+00,2.442216368491664014e+00,2.695441020450799918e+00,4.328807610647238957e-01,5.042567382787052077e-01,6.131803507333497549e-01,2.682924246378534772e+00,0.000000000000000000e+00
-7.326450784788246295e+00,2.502181553552654147e+00,2.340394703209368377e+00,1.217756471209177516e+00,5.522746650856967809e-01,5.441254683458972563e-01,2.461560090791000466e+00,0.000000000000000000e+00
-7.411105824159641919e+00,2.553990862937771222e+00,2.406640377051088464e+00,1.864065503965500303e+00,5.994038353642113792e-01,4.795803953213927939e-01,2.592392661209529603e+00,0.000000000000000000e+00
-7.509480262368577463e+00,2.565095579466943221e+00,2.688405431619293573e+00,6.575451498510049841e-01,6.202871459955614508e-01,4.511062695921315702e-01,3.029186349007455537e+00,0.000000000000000000e+00
-7.599129630136980396e+00,2.601975379961145141e+00,2.604156203063877850e+00,1.362817734079436738e+00,6.774694946896635539e-01,3.970517351271831696e-01,2.751316081592609653e+00,0.000000000000000000e+00
-7.698442433744521196e+00,2.603969897833046332e+00,2.552275984640467232e+00,1.169010656068495413e+00,7.119572102951946535e-01,3.770863721412514025e-01,3.121512163343756363e+00,0.000000000000000000e+00
-7.796325301052820400e+00,2.600063334846860919e+00,2.838071864644026387e+00,5.132594222535153961e-01,7.464904359527444466e-01,3.648274907653329402e-01,-3.101703233947137761e+00,0.000000000000000000e+00
-7.894936846470956837e+00,2.597306467942075425e+00,3.062843190171704144e+00,9.874199463859332226e-01,7.930715849912671755e-01,3.542237939311839168e-01,-3.113643096689201251e+00,0.000000000000000000e+00
-7.991194892078017809e+00,2.578379002673188314e+00,2.706791547430506206e+00,1.698345864409210204e+00,8.345553781190055975e-01,3.629623722696729282e-01,-2.947437110262792981e+00,0.000000000000000000e+00
-8.073779011416201357e+00,2.554412277179055391e+00,2.650926396240265603e+00,1.789071539112445874e+00,8.669214058413424739e-01,3.811451499923298458e-01,-2.859141664975303421e+00,0.000000000000000000e+00
-8.157549443579858561e+00,2.504459065067736301e+00,2.785610095739075920e+00,9.433062068827947622e-01,8.860866297179889051e-01,4.248849411021561329e-01,-2.603890227484977782e+00,0.000000000000000000e+00
-8.235825483102233946e+00,2.454105539780635503e+00,2.743173331846090246e+00,7.820358246019445403e-01,9.107728180830250153e-01,4.680309833568438993e-01,-2.569954990146547935e+00,0.000000000000000000e+00
-8.315340465936698067e+00,2.395545907041730871e+00,2.294013817805040656e+00,1.524971500051135465e+00,9.337367878172568858e-01,5.207712171731331274e-01,-2.506813379281637832e+00,0.000000000000000000e+00
-8.386700068299393962e+00,2.326579204757671882e+00,2.152811738942975506e+00,1.480281265932670509e+00,9.505867942294228268e-01,5.849005660951149821e-01,-2.373245236207941034e+00,0.000000000000000000e+00
-8.434470481742781800e+00,2.241385561168225404e+00,2.350448676365640921e+00,7.192830946436520323e-01,9.456377545595161527e-01,6.674461576574574062e-01,-2.081838250796458567e+00,0.000000000000000000e+00
-8.494251152582124931e+00,2.163225909353180487e+00,2.556290396875843030e+00,9.844250822457866201e-01,9.563843131776674777e-01,7.392495115689098339e-01,-2.223735998464372532e+00,0.000000000000000000e+00
-8.530609340689945697e+00,2.072111981801593394e+00,2.453824471845564847e+00,6.722922690925308142e-01,9.494485573715389926e-01,8.272880579168299109e-01,-1.950475662393957199e+00,0.000000000000000000e+00
-8.569875092736660704e+00,1.980547251353182991e+00,2.665742755303210920e+00,-1.224579593844972308e-01,9.435019957239209054e-01,9.142103752509503911e-01,-1.975906990046431666e+00,0.000000000000000000e+00
-8.604803493650637236e+00,1.887140794466853233e+00,2.918445234163409285e+00,1.684206074854814050e-01,9.433550455660620893e-01,1.004590214076049204e+00,-1.928637268366941937e+00,0.000000000000000000e+00
-8.650478628281618398e+00,1.798519332857174469e+00,2.868746287965584951e+00,7.897911535082220436e-01,9.523631097665815615e-01,1.087743545627461561e+00,-2.046684628126094196e+00,0.000000000000000000e+00
-8.671904308184664956e+00,1.701703339569898388e+00,2.769708935256036675e+00,2.175607552129167344e-01,9.457651096866316331e-01,1.182822198109286127e+00,-1.788589237490366024e+00,0.000000000000000000e+00
-8.701776719272396932e+00,1.607210839697180038e+00,3.014305213357530544e+00,2.171869816517224897e-02,9.468414547643566603e-01,1.209359165965927518e+00,-1.876989598046110208e+00,0.000000000000000000e+00
-8.731077686659352466e+00,1.512875615547505825e+00,3.138276216064269430e+00,6.025586327586943680e-01,9.556741422019140453e-01,1.170727302085506460e+00,-1.871953618466975833e+00,0.000000000000000000e+00
-8.751647902362403642e+00,1.417611750988579722e+00,2.998173363887292275e+00,4.956029311778781254e-01,9.573136874695348242e-01,1.144605621702003750e+00,-1.783460117881479290e+00,0.000000000000000000e+00
-8.767534359705507541e+00,1.319370288397131885e+00,2.678930679686515326e+00,-3.975341288560828301e-02,9.595243342947132881e-01,1.125515560230399004e+00,-1.731116777364746673e+00,0.000000000000000000e+00
-8.783330422366915968e+00,1.220764230307807008e+00,2.468463660898923884e+00,3.405760392477999443e-01,9.676164791549756172e-01,1.107163349895800009e+00,-1.729640382807883903e+00,0.000000000000000000e+00
-8.805874485783665051e+00,1.124107835849464498e+00,2.374766759194627319e+00,9.324833479604454078e-01,9.846296365391610239e-01,1.082460221845224835e+00,-1.799939017658017448e+00,0.000000000000000000e+00
-8.799821462713662612e+00,1.031291471693468242e+00,2.472673174569011145e+00,8.487472027888437465e-02,9.823190495324823912e-01,1.086335520420141254e+00,-1.505673502994578472e+00,0.000000000000000000e+00
-8.809929397616741653e+00,9.337631135505481961e-01,2.408047510378563238e+00,-9.719837910345678622e-02,9.980305715372626008e-01,1.073991531539078670e+00,-1.674068598210987302e+00,0.000000000000000000e+00
-8.813380694561631756e+00,8.349938191788722763e-01,2.035358595024230777e+00,8.628704132069797694e-01,1.013468228028339357e+00,1.068777109719024843e+00,-1.605725130333671258e+00,0.000000000000000000e+00
-8.817422543939933632e+00,7.482526449816344627e-01,1.912318021375820631e+00,8.863212404611879869e-01,1.035628580011307420e+00,1.064053624797188569e+00,-1.617359310676371287e+00,0.000000000000000000e+00
-8.796721290399180049e+00,6.498616513178767651e-01,1.805269469598323573e+00,8.238243780677148922e-03,1.040409461238610778e+00,1.085743481223465201e+00,-1.363423117063925494e+00,0.000000000000000000e+00
-8.794575176739233058e+00,5.672641200620965884e-01,1.505562035926369280e+00,6.000518607235678648e-01,1.062037153788393917e+00,1.090339873758636724e+00,-1.544819389322402925e+00,0.000000000000000000e+00
-8.782276571570275081e+00,4.844624403199059848e-01,1.201630482636679487e+00,1.214008901154037368e+00,1.080257911361397705e+00,1.104847312155700978e+00,-1.423343494139881926e+00,0.000000000000000000e+00
-8.758799028848045509e+00,4.283554418192409563e-01,8.660879221694264274e-01,-2.624672801167540648e+00,1.082488268647168406e+00,1.132494765170165119e+00,-1.174493177185662152e+00,0.000000000000000000e+00
-8.759453361680705541e+00,3.866829837498306222e-01,1.109599766511502494e+00,7.365281966488280707e-01,1.102236981209759215e+00,1.133592623694434254e+00,-1.586496842108649830e+00,0.000000000000000000e+00
-8.753671727302931416e+00,3.043401747559638659e-01,1.212611144728360069e+00,1.789676479496003392e+00,1.138496909780500888e+00,1.146276946073510272e+00,-1.500697173790744188e+00,0.000000000000000000e+00
-8.722053105498327241e+00,2.110123130452252194e-01,1.372294666902126314e+00,9.539165019797501976e-01,1.157709361239335655e+00,1.185403902543907151e+00,-1.244142111828345110e+00,0.000000000000000000e+00
-8.677315426503614759e+00,1.230116867434285360e-01,1.650406186985597490e+00,7.925019748514587903e-01,1.171153904530113143e+00,1.238580535037367092e+00,-1.100467930964320606e+00,0.000000000000000000e+00
-8.646845616071260565e+00,4.070749177816929826e-02,1.649272140059180325e+00,4.621308134943723500e-01,1.199552454038004701e+00,1.277711050599957820e+00,-1.216231980878471397e+00,0.000000000000000000e+00
-8.580894311818560993e+00,-3.575739159103259041e-02,1.755997567654462133e+00,2.088940812429244953e-01,1.204518849850408024e+00,1.351439672635837530e+00,-8.590874149512330860e-01,0.000000000000000000e+00
-8.564841905970810743e+00,-1.100689785790856107e-01,1.463347960898365274e+00,1.650713754110178622e+00,1.246344437597417754e+00,1.373957183458454967e+00,-1.358050364130586773e+00,0.000000000000000000e+00
-8.487145910429841678e+00,-1.767327182446702116e-01,1.227120629483895220e+00,2.432020053015845118e+00,1.242404681833281233e+00,1.371379892720053784e+00,-7.091244468154207503e-01,0.000000000000000000e+00
-8.449027212670323195e+00,-2.262442759373354817e-01,1.309380824236943131e+00,1.067228369385782916e+00,1.256809110824364861e+00,1.320216366840321731e+00,-9.146835670703251653e-01,0.000000000000000000e+00
-8.352026055088289880e+00,-2.665108587965537290e-01,1.504335347993127403e+00,-5.192014860779822216e-01,1.233541734438156290e+00,1.273421297817906472e+00,-3.934677983737170925e-01,0.000000000000000000e+00
-8.292128171094109490e+00,-3.359960404320663230e-01,1.253194213723209050e+00,5.274382639398291772e-01,1.262308028634001156e+00,1.198828804232482170e+00,-8.593630813705751548e-01,0.000000000000000000e+00
-8.220835403630486482e+00,-3.767707206992078062e-01,1.220233645832889513e+00,1.350596486883650194e+00,1.260481473769077931e+00,1.152351789423212480e+00,-5.195262286135622354e-01,0.000000000000000000e+00
-8.132907987136846373e+00,-4.274644566403408841e-01,1.495630468341030861e+00,9.177114684663560951e-01,1.265497354134088148e+00,1.094469348601847081e+00,-5.229914002552229491e-01,0.000000000000000000e+00
-8.048258935757708343e+00,-4.582874286417149556e-01,1.734855998117956100e+00,5.719380634882229586e-01,1.261115894250296021e+00,1.056696624064918266e+00,-3.492039254857235986e-01,0.000000000000000000e+00
-7.955358213871362771e+00,-4.906190751299829844e-01,1.958009928722014070e+00,6.652451554840581316e-02,1.259283042758834403e+00,1.016344568266161597e+00,-3.349130498328884431e-01,0.000000000000000000e+00
-7.818025854323134460e+00,-4.287245115866993306e-01,2.218418764157762624e+00,1.298688668551663650e+00,1.157636661171659309e+00,1.064782807510664453e+00,4.234290496977928808e-01,0.000000000000000000e+00
-7.722268353675748820e+00,-4.596079305451447605e-01,2.204713035976933799e+00,2.297966827952660385e+00,1.166178623190257113e+00,1.025648666665918585e+00,-3.119844467088087048e-01,0.000000000000000000e+00
-7.623280807513401314e+00,-4.639054145811979391e-01,2.191007307796104975e+00,6.015119410568711134e-01,1.148801686434922642e+00,1.012492544213289269e+00,-4.338714588308498210e-02,0.000000000000000000e+00
-7.511960207523507904e+00,-4.333170266755126954e-01,2.177301579615276150e+00,-2.235854862554948141e+00,1.102586049942709590e+00,1.032379317398354868e+00,2.681592736875537120e-01,0.000000000000000000e+00
-7.439028371218452840e+00,-4.731673423195704720e-01,2.163595851434447326e+00,-3.534456697291790683e-02,1.133294898240730486e+00,9.864587186478264158e-01,-5.000788987439906963e-01,0.000000000000000000e+00
-7.352185821812199151e+00,-4.806787400752560724e-01,2.149890123253618057e+00,1.160741341173832319e+00,1.133068952527003681e+00,9.706570013254968154e-01,-8.627970733513193324e-02,0.000000000000000000e+00
-7.252030713976670206e+00,-4.842668024849998698e-01,2.136184395072789233e+00,4.603295106104354772e-01,1.132040471885402466e+00,9.580122636489544208e-01,-3.580974204556555684e-02,0.000000000000000000e+00
