-8.853461265563965, -0.34240931272506714, 3.6366839566391125, 0.22459869394209162, 1.018181223716581, 0.9422733441492672, -0.04705872802717329, 0.0,0.0,0.0
-8.779402035032975, -0.3445421176497736, 3.730318388671017, 0.3201627157164981, 0.9780744819032504, 0.944165721325298, -0.012263968701778453, 0.0,0.0,0.0
-8.704265559625107, -0.3442391359322037, 3.8246887777225087, 0.38480738007874504, 0.9622111687552871, 0.947303939585636, 0.018676839676467515, 0.0,0.0,0.0
-8.628184113321252, -0.3417175163322202, 3.9196975892403696, 0.3346456487569678, 0.9493827402254662, 0.9520857263953869, 0.04601870356722396, 0.0,0.0,0.0
-8.551289553764919, -0.33719440483822405, 4.015247288671378, 0.10862221515328535, 0.9383134102567712, 0.9589014572779918, 0.06999965770527962, 0.0,0.0,0.0
-8.473713738599617, -0.33088694743861585, 4.111240341462317, -0.14063108919794856, 0.9401333365041825, 0.9556724302252823, 0.06347088924008666, 0.0,0.0,0.0
-8.38811668080691, -0.3268237474998303, 4.207579213059962, -0.08926644614335542, 0.9452624721149488, 0.9467992263246573, 0.04743331483090525, 0.0,0.0,0.0
-8.3025196230142, -0.3227605475610447, 4.304166368911099, 0.0, 0.9452624721149488, 0.9467992263246573, 0.04743331483090525, 0.0,0.0,0.0
-8.216922565221493, -0.31869734762225915, 4.400904274462504, 0.0, 0.9452624721149488, 0.9467992263246573, 0.04743331483090525, 0.0,0.0,0.0
-8.131325507428784, -0.3146341476834736, 4.497695395160958, 9.797341655211198e-16, 0.9452624721149488, 0.9467992263246573, 0.04743331483090525, 0.0,0.0,0.0
-8.045728449636076, -0.310570947744688, 4.594442196453243, -4.53990201377704e-16, 0.945262472114949, 0.9467992263246574, 0.047433314830905425, 0.0,0.0,0.0
-7.960131391843369, -0.3065077478059025, 4.69104714378614, -9.797341655211251e-16, 0.9452624721149487, 0.9467992263246573, 0.047433314830905175, 0.0,0.0,0.0
-7.874534334050661, -0.30244454786711694, 4.787412702606425, 4.539902013776997e-16, 0.9452624721149488, 0.9467992263246574, 0.04743331483090525, 0.0,0.0,0.0
-7.788937276257952, -0.2983813479283314, 4.88344133836088, 0.0, 0.9452624721149487, 0.9467992263246573, 0.04743331483090525, 0.0,0.0,0.0
-7.703340218465244, -0.2943181479895458, 4.979035516496288, 1.4337243668988195e-15, 0.9465612213443824, 0.9467992263246573, 0.04743331483090525, 0.0,0.0,0.0
-7.617743160672536, -0.29025494805076024, 5.074097702459427, 1.4337243668988418e-15, 0.9530611396294517, 0.9467992263246572, 0.0474333148309055, 2.5,0.0,0.0
-7.532146102879828, -0.2861917481119747, 5.168530361697076, -1.4337243668988418e-15, 0.9634905239903381, 0.9467992263246573, 0.0474333148309055, 2.5,0.0,0.0
-7.44654904508712, -0.2821285481731891, 5.262235959656017, 0.0, 0.9634905239903379, 0.9467992263246574, 0.04743331483090525, 2.5,0.0,0.0
-7.360951987294412, -0.27806534823440354, 5.355116961783032, 1.4337243668988418e-15, 0.9765776714472214, 0.9481692638739279, 0.0474333148309055, 2.5,0.0,0.0
-7.275354929501704, -0.274002148295618, 5.447075833524898, -1.4337243668988418e-15, 0.9910508790202825, 0.9522811251725437, 0.0474333148309055, 2.5,0.0,0.0
-7.189757871708996, -0.2699389483568324, 5.538015040328395, 0.0, 0.9910508790202825, 0.9556204788171527, 0.04743331483090525, 2.5,0.0,0.0
-7.1041608139162875, -0.26587574841804684, 5.6278370476403055, 0.0, 1.0056384437297032, 0.955620478817153, 0.0474333148309055, 2.5,0.0,0.0
-7.01856375612358, -0.2618125484792613, 5.71644432090741, -3.3214389351753385e-15, 1.0190686625956629, 0.9548529917693638, 0.04743331483090525, 2.5,0.0,0.0
-6.932966698330871, -0.2577493485404757, 5.803739325576488, -4.539902013777095e-16, 1.0190686625956629, 0.9548529917693637, 0.047433314830904925, 2.5,0.0,0.0
-6.847369640538163, -0.2536861486016902, 5.889624527094317, 1.8877145682765385e-15, 1.030084637529125, 0.9548529917693638, 0.047433314830905175, 2.5,0.0,0.0
-6.761772582745455, -0.24962294866290463, 5.974002390907681, 1.8877145682765192e-15, 1.0300846375291248, 0.9548529917693637, 0.04743331483090525, 2.5,0.0,0.0
-6.676175524952747, -0.24555974872411906, 6.05677538246336, 1.4337243668988418e-15, 1.0262868548964081, 0.9548529917693638, 0.0474333148309055, 2.5,0.0,0.0
-6.590578467160039, -0.2414965487853335, 6.137845967208132, -1.4337243668988418e-15, 1.0218189062204954, 0.9548529917693638, 0.0474333148309055, 2.5,0.0,0.0
-6.504981409367331, -0.23743334884654793, 6.2171166105887785, 0.0, 1.017944434267569, 0.9548529917693638, 0.04743331483090525, 2.5,0.0,0.0
-6.419384351574623, -0.23337014890776236, 6.29448977805208, 0.0, 1.0148356058624264, 0.9548529917693637, 0.0474333148309055, 2.5,0.0,0.0
-6.333787293781915, -0.2293069489689768, 6.369867935044816, -2.377581651037079e-15, 1.0124406964318264, 0.9548529917693638, 0.04743331483090525, 2.5,0.0,0.0
-6.248190235989206, -0.22524374903019123, 6.442975702033556, 4.89867082760555e-16, 1.0106912067819966, 0.9548529917693637, 0.04743331483090509, 2.5,0.0,0.0
-6.162593178196499, -0.2211805490914057, 6.513346674862705, 9.438572841382693e-16, 1.0095186377191625, 0.9548529917693637, 0.047433314830905335, 2.5,0.0,0.0
-6.07699612040379, -0.21711734915262013, 6.580801368079062, 9.438572841382596e-16, 1.008854490049552, 0.9576334701293869, 0.04743331483090525, 2.5,0.0,0.0
-5.991399062611082, -0.21305414921383456, 6.645160296229429, 4.898670827605724e-16, 1.0088544900495515, 0.9629465917253704, 0.0474333148309055, 2.5,0.0,0.0
-5.905802004818375, -0.208990949275049, 6.706243973860608, -4.489242963022977e-07, 1.0086302645793908, 0.9629465917253704, 0.047433314830905335, 2.5,0.0,0.0
-5.820204947025666, -0.20492774933626345, 6.7638729155194, -2.8165304448610725e-07, 1.0086302977397574, 0.9616128663264004, 0.04743323789125608, 2.5,0.0,0.0
-5.734607696533203, -0.20086455345153809, 6.817867635752607, 7.834626635570546e-07, 1.0086302944340135, 0.9616128694443014, 0.04743326655913077, 2.5,0.0,0.0
-5.64901065826416, -0.1968013495206833, 6.8665731581958385, 5.63309188831659e-07, 1.0086302579678823, 0.9616129052184372, 0.047433372166742434, 2.5,0.0,0.0
-5.563413619995117, -0.1927381455898285, 6.908356964436151, -5.067305426435318e-07, 1.0086302595442105, 0.961612903701502, 0.047433363102777425, 2.5,0.0,0.0
-5.477816715854834, -0.1886749495811212, 6.943396494993728, -2.8165408601961727e-07, 1.0086302671827951, 0.9616128965725911, 0.04743328531992974, 2.5,0.0,0.0
-5.392219543457031, -0.1846117526292801, 6.97187107228239, 4.587623487729831e-07, 1.008630272997037, 0.9616128905649793, 0.04743331483090525, 2.5,0.0,0.0
-5.306622600269417, -0.18054854970355005, 6.993960018715963, -2.9149266549663204e-07, 1.0086302686642126, 0.9616128945759753, 0.047433363945818166, 2.5,0.0,0.0
-5.22102554247671, -0.17648534976476452, 7.009842656708272, -2.865727767896597e-07, 1.0086302561433882, 0.9616129077459751, 0.04743326487298481, 2.5,0.0,0.0
-5.135428428649902, -0.1724221557378769, 7.019698308673138, 5.829843678987595e-07, 1.0086302731415258, 0.9616128904204904, 0.047433314830905245, 2.5,0.0,0.0
-5.049831426891293, -0.16835894988719338, 7.0237062970243835, 2.1031845102472993e-07, 1.0086302815775339, 0.96161288165713, 0.04743336478885833, 2.5,0.0,0.0
-4.964234369098586, -0.16429574994840784, 7.022045944175836, -2.91492260422086e-07, 1.0087774737932549, 0.9616128833929978, 0.04743335087670536, 2.5,0.0,0.0
-4.878637313842773, -0.1602325439453125, 7.014896572541315, -4.206366205529938e-07, 1.0092275772845472, 0.962287683672568, 0.04743331483090525, 2.5,0.0,0.0
-4.793040253513169, -0.1561693500708367, 7.002437504534651, 0.0, 1.0092275692986798, 0.9654576786277785, 0.047433278785106184, 2.5,0.0,0.0
-4.707443195720461, -0.15210615013205114, 6.984848062569666, 2.1031831146528765e-07, 1.0099121294278728, 0.965457664063376, 0.04743331483090525, 3.0,1.0,0.0
-4.6218461379277525, -0.14804295019326558, 6.962307569060176, 4.898670827605724e-16, 1.010762600817778, 0.9705105119209068, 0.0474333148309055, 3.0,1.0,0.0
-4.536249080135045, -0.14397975025448, 6.9349953464200125, -9.438572841382693e-16, 1.011710498438266, 0.9768338742999083, 0.047433314830905335, 3.0,1.0,0.0
-4.450652022342337, -0.13991655031569447, 6.903090717062999, 9.438572841382693e-16, 1.0124957095692073, 0.9838154044329062, 0.047433314830905335, 3.0,1.0,0.0
-4.365054964549629, -0.1358533503769089, 6.8667730034029555, -4.898670827605724e-16, 1.010356589104134, 0.9908428397249779, 0.0474333148309055, 3.0,1.0,0.0
-4.279457906756921, -0.13179015043812334, 6.826221527853709, -1.4337243668988195e-15, 1.0103565891041337, 0.9974156683134713, 0.04743331483090525, 3.0,1.0,0.0
-4.193860848964213, -0.12772695049933777, 6.781615612829083, 0.0, 1.0075700400952188, 1.0033654475277711, 0.04743331483090525, 3.0,1.0,0.0
-4.108263791171504, -0.1236637505605522, 6.733134580742901, 0.0, 1.0040764395208277, 1.0033654475277711, 0.04743331483090525, 3.0,1.0,0.0
-4.022666733378796, -0.11960055062176664, 6.680957754008985, 4.898670827605599e-16, 0.9998926935777274, 0.9962185668369687, 0.04743331483090525, 3.0,1.0,0.0
-3.9370696755860877, -0.11553735068298107, 6.625264455041161, 4.898670827605675e-16, 0.9951492615061805, 0.9835388224638165, 0.047433314830905335, 3.0,1.0,0.0
-3.8514726177933802, -0.11147415074419553, 6.566234006253254, -4.898670827605675e-16, 0.989985801406306, 0.9692575273469756, 0.047433314830905335, 3.0,1.0,0.0
-3.765875560000672, -0.10741095080540997, 6.504045730059084, 9.438572841382596e-16, 0.9845419713782221, 0.9548530298397649, 0.04743331483090525, 3.0,1.0,0.0
-3.6802785022079636, -0.1033477508666244, 6.438878948872477, 1.4337243668988418e-15, 0.984541971378222, 0.9418036782955016, 0.0474333148309055, 3.0,1.0,0.0
-3.594681444415256, -0.09928455092783883, 6.3709129851072595, -1.4337243668988418e-15, 0.9789574295220476, 0.931587821067505, 0.0474333148309055, 3.0,1.0,0.0
-3.509084386622548, -0.09522135098905327, 6.300327161177248, -1.4337243668988195e-15, 0.9733718339379012, 0.9315878210675049, 0.04743331483090525, 3.0,1.0,0.0
-3.4234873288298395, -0.0911581510502677, 6.227300799496272, -4.539902013776997e-16, 0.9679248427259013, 0.9256838065090924, 0.04743331483090525, 3.0,1.0,0.0
-3.337890271037131, -0.08709495111148213, 6.152013222478154, -4.539902013777067e-16, 0.9627561139861667, 0.9250676246160011, 0.047433314830905175, 3.0,1.0,0.0
-3.2522932132444238, -0.08303175117269662, 6.074643752536719, 4.539902013777067e-16, 0.9580053058188157, 0.925067624616001, 0.047433314830905175, 3.0,1.0,0.0
-3.1666961554517155, -0.07896855123391106, 5.995371712085789, 4.539902013776997e-16, 0.9538120763239671, 0.9250676246160011, 0.04743331483090525, 3.0,1.0,0.0
-3.081099097659007, -0.07490535129512549, 5.91437642353919, 0.0, 0.9538120763239669, 0.925067624616001, 0.04743331483090525, 3.0,1.0,0.0
-2.995502039866299, -0.07084215135633992, 5.831837209310742, 1.4337243668988195e-15, 0.9503160836017392, 0.9250676246160011, 0.04743331483090525, 3.0,1.0,0.0
-2.9099049820735905, -0.06677895141755436, 5.747933391814274, 1.4337243668988418e-15, 0.9476549159678674, 0.925067624616001, 0.0474333148309055, 3.0,1.0,0.0
-2.824307924280883, -0.06271575147876879, 5.662844293463604, 0.0, 0.945855451027107, 0.9250676246160011, 0.0474333148309055, 3.0,1.0,0.0
-2.7387108664881747, -0.05865255153998322, 5.57674923667256, 0.0, 0.9447802952934843, 0.9250676246160011, 0.0474333148309055, 3.0,1.0,0.0
-2.6531138086954673, -0.054589351601197655, 5.4898275438549655, -1.4337243668988418e-15, 0.9442787477844101, 0.9250676246160011, 0.0474333148309055, 3.0,1.0,0.0
-2.567516750902759, -0.05052615166241209, 5.402258537424642, -1.4337243668988195e-15, 0.9442001075172964, 0.9250676246160011, 0.04743331483090525, 3.0,1.0,0.0
-2.4819196931100507, -0.04646295172362652, 5.314221539795417, 0.0, 0.9442001075172964, 0.9250676246160012, 0.04743331483090525, 3.0,1.0,0.0
-2.3963226353173424, -0.042399751784840956, 5.225895873381111, 0.0, 0.9442001075172963, 0.9286841499675621, 0.04743331483090525, 3.0,1.0,0.0
-2.310725577524634, -0.03833655184605539, 5.1374608605955485, 1.4337243668988195e-15, 0.9442001075172964, 0.9286841499675622, 0.04743331483090525, 3.0,1.0,0.0
-2.2251285197319257, -0.03427335190726982, 5.049095823852554, 9.797341655211449e-16, 0.9442001075172962, 0.9327842237710195, 0.0474333148309055, 3.0,1.0,0.0
-2.1395314619392183, -0.030210151968484256, 4.960980085565952, -1.8877145682765583e-15, 0.9442001075172963, 0.9265648053180441, 0.047433314830905425, 3.0,1.0,0.0
-2.053934404146511, -0.026146952029698745, 4.873292968149563, -9.797341655211251e-16, 0.9442001075172963, 0.9210024943499133, 0.047433314830905175, 3.0,1.0,0.0
-1.9683373463538025, -0.022083752090913178, 4.786213794017215, 4.539902013776997e-16, 0.9441700629708039, 0.9163854564022226, 0.04743331483090525, 3.0,1.0,0.0
-1.8827402885610942, -0.01802055215212761, 4.699921885582729, 0.0, 0.944170062970804, 0.9130018561062645, 0.04743331483090525, 3.0,1.0,0.0
-1.797143230768386, -0.013957352213342045, 4.614596565259931, 0.0, 0.9428321458849248, 0.9111398580933316, 0.04743331483090525, 3.0,1.0,0.0
-1.7115461729756776, -0.009894152274556478, 4.530417155462644, 0.0, 0.9407132705470722, 0.9111398580933318, 0.04743331483090525, 3.0,1.0,0.0
-1.6259491151829693, -0.005830952335770911, 4.44756297860469, -4.539902013776997e-16, 0.9377646644695218, 0.9110876269947168, 0.04743331483090525, 3.0,1.0,0.0
-1.540352057390261, -0.0017677523969853448, 4.366213357099895, 9.797341655211251e-16, 0.9340903895097467, 0.9110876269947168, 0.047433314830905175, 3.0,1.0,0.0
-1.4547549995975535, 0.0022954475418001663, 4.286547613362082, 1.8877145682765583e-15, 0.9298073718568637, 0.9110876269947169, 0.047433314830905425, 3.0,1.0,0.0
-1.369157941804846, 0.006358647480585733, 4.208605893211178, -9.797341655211449e-16, 0.9250325376999918, 0.9110876269947168, 0.0474333148309055, 3.0,1.0,0.0
-1.2835608840121377, 0.0104218474193713, 4.132673947965975, -1.4337243668988195e-15, 0.9250325376999922, 0.9110876269947168, 0.04743331483090525, 3.0,1.0,0.0
-1.1979638262194294, 0.014485047358156866, 4.058937235262139, 0.0, 0.9198828132282485, 0.9110876269947168, 0.04743331483090525, 3.0,1.0,0.0
-1.112366768426721, 0.018548247296942433, 3.987581212735343, 0.0, 0.9144751246307509, 0.9110876269947169, 0.04743331483090525, 3.0,1.0,0.0
-1.0267697106340128, 0.022611447235728, 3.917776855850561, 1.4337243668988195e-15, 0.9089263980966176, 0.9110876269947168, 0.04743331483090525, 3.0,1.0,0.0
-0.9411726528413045, 0.026674647174513566, 3.848723718496122, -0.000673223374570421, 0.9033535598149653, 0.9110876269947169, 0.0474333148309055, 3.0,1.0,0.0
-0.855575595048597, 0.030737847113299133, 3.780532349062979, -0.0014692005699944758, 0.8979413625117177, 0.9111295706274075, 0.047314528244362795, 3.0,1.0,0.0
-0.7748847550072641, 0.034548357022145516, 3.713236214007166, -0.0008036706125270753, 0.8980133000669258, 0.911174051007431, 0.04718851765680788, 3.0,1.0,0.0
-0.694193914965931, 0.0383588669309919, 3.6469025395482952, 0.0, 0.8927675327298853, 0.9130897669022016, 0.04718851765680788, 3.0,1.0,0.0
-0.613503074924598, 0.042169376839838284, 3.5815820645279692, -2.6554042238059214e-16, 0.8878484678074757, 0.9130897669022016, 0.04718851765680788, 2.0,1.0,0.0
-0.5328122348832649, 0.04597988674868467, 3.517325527787796, 2.0063628737283047e-16, 0.8833724687603345, 0.9166970850126823, 0.04718851765680784, 2.0,1.0,0.0
-0.4521213948419319, 0.049790396657531044, 3.45418366816938, 2.6554042238059254e-16, 0.8794232664443045, 0.9215568387361742, 0.04718851765680791, 2.0,1.0,0.0
-0.37143055480059894, 0.053600906566377435, 3.3922072245143267, -2.0063628737283064e-16, 0.8794232664443046, 0.927229850296304, 0.04718851765680788, 2.0,1.0,0.0
-0.29073971475926585, 0.05741141647522381, 3.331446935664241, 0.0, 0.8760348105441104, 0.9332769419166991, 0.04718851765680788, 2.0,1.0,0.0
-0.21004887471793288, 0.0612219263840702, 3.271953540460727, -5.310808447611843e-16, 0.8732368605770505, 0.9332769419166991, 0.04718851765680788, 2.0,1.0,0.0
-0.1293580346765998, 0.06503243629291658, 3.2137777777453924, 5.310808447611843e-16, 0.8710591760604232, 0.9392589358209859, 0.047188517656807795, 2.0,1.0,0.0
-0.04866719463526681, 0.06884294620176296, 3.156970386359842, 1.2627979768951996e-15, 0.8695315165115265, 0.9448126956124976, 0.04718851765680796, 2.0,1.0,0.0
0.03202364540606628, 0.07265345611060936, 3.1015821051456793, -8.615254021495386e-16, 0.8695315165115265, 0.9499234489402147, 0.047188517656807996, 2.0,1.0,0.0
0.11271448544739915, 0.07646396601945574, 3.0476636729445112, -1.4634342642680316e-15, 0.8686836414476586, 0.9546761240009831, 0.04718851765680782, 2.0,1.0,0.0
0.19340532548873224, 0.08027447592830211, 2.995265828597941, 1.2980827001552377e-16, 0.8685453103861183, 0.9591556570432476, 0.04718851765680776, 2.0,1.0,0.0
0.2740961655300653, 0.08408498583714849, 2.9444393109475766, 6.596639023791587e-08, 0.8685453103861183, 0.9591556570432476, 0.047188517656807843, 2.0,1.0,0.0
0.3547870055713984, 0.08789549574599488, 2.895234858835023, 4.01272629054557e-16, 0.868545306507413, 0.9634469793503738, 0.047188528314437934, 2.0,1.0,0.0
0.4354778528213501, 0.09170600771903992, 2.847703218460083, -1.3193277901239782e-07, 0.8685453086642552, 0.9676350437879048, 0.04718851765680791, 2.0,1.0,0.0
0.5161686856540644, 0.09551651556368765, 2.801895106589764, -4.0127252043674584e-16, 0.8685453125429605, 0.9718068743390149, 0.04718850699917686, 2.0,1.0,0.0
0.5968595256953975, 0.09932702547253403, 2.7578612841402705, 6.596638970683502e-08, 0.8685453103861183, 0.9760591423914786, 0.047188517656807843, 2.0,1.0,0.0
0.6775503657367306, 0.10313753538138042, 2.715652482595008, 4.012725747456622e-16, 0.8685453103861183, 0.9760591423914787, 0.04718851765680791, 2.0,1.0,0.0
0.7582412057780634, 0.10694804529022679, 2.6753194407955823, 1.2980827001552286e-16, 0.8685453103861183, 0.9804912924564242, 0.04718851765680791, 2.0,1.0,0.0
0.8389320458193965, 0.11075855519907318, 2.6369128975835974, -4.0127257474566123e-16, 0.8685453103861183, 0.9852027527587475, 0.047188517656807934, 2.0,1.0,0.0
0.9196228858607296, 0.11456906510791957, 2.6004835918006597, -2.5961654003104606e-16, 0.8685453103861183, 0.9902929560810446, 0.047188517656807843, 2.0,1.0,0.0
1.0003137259020627, 0.11837957501676595, 2.566082262288373, -2.5961654003104675e-16, 0.8685453103861182, 0.9958613352059107, 0.047188517656807885, 2.0,1.0,0.0
1.0810045659433953, 0.12219008492561233, 2.5337596478883455, -2.714643047301382e-16, 0.8685453103861183, 0.9958613352059108, 0.0471885176568078, 2.0,1.0,0.0
1.1616954059847284, 0.1260005948344587, 2.503566487442179, 7.906973847922296e-16, 0.8691462828442029, 1.0019228685848114, 0.047188517656807843, 2.0,1.0,0.0
1.2423862460260615, 0.1298111047433051, 2.475553519791481, -5.310808447611835e-16, 0.8705163183392114, 1.0081056288479562, 0.047188517656807934, 2.0,1.0,0.0
1.3230770860673946, 0.13362161465215147, 2.448063152498333, 0.0, 0.8705163183392114, 1.0031278574886053, 0.04718851765680776, 2.0,1.0,0.0
1.4037679261087277, 0.13743212456099785, 2.41937027793101, 1.062161689522367e-15, 0.8726851763884417, 0.9981405698347836, 0.047188517656807934, 2.0,1.0,0.0
1.4844587661500608, 0.14124263446984425, 2.389538449036969, -2.5961654003104463e-16, 0.8756826165091918, 0.9981405698347837, 0.047188517656807934, 2.0,1.0,0.0
1.5651496061913939, 0.14505314437869063, 2.3586314297468967, 8.025451494913261e-16, 0.8795357965951239, 0.993596724259435, 0.047188517656807885, 2.0,1.0,0.0
1.6458404462327265, 0.148863654287537, 2.326712983991482, 2.5961654003104384e-16, 0.8841106645717276, 0.9895678630782891, 0.04718851765680806, 2.0,1.0,0.0
1.7265312862740596, 0.1526741641963834, 2.2938468757014143, -1.8647068390136892e-15, 0.8807842698711146, 0.986125510646765, 0.047188517656807934, 2.0,1.0,0.0
1.8072221263153927, 0.1564846741052298, 2.2600968688073806, 0.2059934010330443, 0.8807842698711145, 0.9833411913202823, 0.04718851765680776, 2.0,1.0,0.0
1.8879129663567258, 0.16029518401407616, 2.2255267272400703, 0.5624990398987169, 0.8480213913933055, 0.9957029447721297, 0.08137165037261024, 1.0,1.0,0.0
1.9640280711071807, 0.16927246922430855, 2.1902003288269043, 0.6356504610155148, 0.7902689725995488, 0.9811683068990328, 0.13639743254156478, 1.0,1.0,0.0
2.039248201033206, 0.181065889383899, 2.1541810958083762, 0.5708681980486904, 0.7318046436376855, 0.9674621241963739, 0.1771170838090283, 1.0,1.0,0.0
2.1134519076464415, 0.19601824584474334, 2.1175331338053693, 0.6431587906684406, 0.6620363015160754, 0.9672268783264213, 0.22306397712762036, 1.0,1.0,0.0
2.1865177424585287, 0.21447233995873738, 2.0803200928518404, 0.7138419193937184, 0.5816397509459614, 0.9612866508488584, 0.2742146512175936, 1.0,1.0,0.0
2.2583242569811084, 0.23677097307777703, 2.0426057368784782, 0.779976513070239, 0.45140587912845476, 0.9574040960691214, 0.3304185199656973, 1.0,1.0,0.0
2.328750002725819, 0.2632569465537581, 2.0044538298159718, 0.8380049991439514, 0.35440221841195846, 0.9555586976058073, 0.39136137285859657, 1.0,1.0,0.0
2.397673531204304, 0.2942730617385765, 1.965928077697754, 0.8775368563999774, 0.25321378657184623, 0.9935657872857558, 0.4565748366313713, 1.0,1.0,0.0
2.464903927646657, 0.3301343987962839, 1.9270924181462785, 0.8830331006584612, 0.13150513282595044, 1.047583625020343, 0.5247510849100876, 1.0,1.0,0.0
2.5293996619023256, 0.37052769924276563, 1.8880104414004697, 0.8323498498380687, 0.044448385449955885, 1.0654480470211607, 0.5913886232087624, 1.0,1.0,0.0
2.591109636108525, 0.41489019834786706, 1.8487459692882708, 0.7349680729340485, 0.007980305635112206, 1.139708408539152, 0.6512614268371704, 1.0,1.0,0.0
2.650374143325548, 0.4627340533558394, 1.809362765740371, 0.625909898405511, 0.017727697622878402, 1.1678293274348182, 0.7031009685186957, 1.0,1.0,0.0
2.707533476613686, 0.5135714215109337, 1.7699245946874582, 0.5165748250324974, 0.0015950077591555534, 1.2525890070517605, 0.746783044231145, 1.0,1.0,0.0
2.7629279290332294, 0.5669144600574014, 1.7304952200602213, 0.40970770565443665, 0.002395053145998416, 1.2903701348550982, 0.7823697061656052, 1.0,1.0,0.0
2.816897793644472, 0.6222753262394939, 1.6911384057893484, 0.30647254235827587, 0.01578734584995578, 1.3944751828616122, 0.810021696045338, 1.0,1.0,0.0
2.8697833635077026, 0.679166177301462, 1.6519179158055293, 0.20687117524614024, 0.007254300621509419, 1.4494719137163063, 0.8299293705616739, 1.0,1.0,0.0
2.921924931683215, 0.7370991704875571, 1.6128975140394517, 0.11012981183868015, 0.0026586906248998177, 1.5125111437208645, 0.8422631380553086, 1.0,1.0,0.0
2.973662791231301, 0.7955864630420308, 1.5741409644218047, 0.015008718242750097, 0.0011344435866677133, 1.6582158320307174, 0.8471410023703195, 1.0,1.0,0.0
3.0253372352122523, 0.8541402122091343, 1.5357120308832768, -0.07995988811875365, 0.001508022954881033, 1.7360660739588036, 0.8446100402734342, 1.0,1.0,0.0
3.0772885566863595, 0.9122725752331182, 1.4976744773545565, -0.17627695192079573, 0.002625966952611483, 1.817342124997621, 0.8346393649375348, 1.0,1.0,0.0
3.129857048713914, 0.9694957093582341, 1.4600920677663325, -0.2752869659121949, 0.0033344871809871633, 1.825808557423389, 0.8171235436877352, 1.0,1.0,0.0
3.183383004355209, 1.025321771828734, 1.423028588294983, -0.37795462601666857, 0.0024602553978689337, 1.9118272359287638, 0.7918970763964759, 1.0,1.0,0.0
3.2382067166705357, 1.0792629198888681, 1.3865477361341283, -0.48457421700782943, 0.0012011084735647631, 1.9274629546718085, 0.7587620831385153, 1.0,1.0,0.0
3.294668478720185, 1.130831310782888, 1.352292667336509, -0.5943959154908958, 0.0012722239746075226, 1.9470884193836437, 0.717532393309848, 1.0,1.0,0.0
3.353108583564449, 1.1795391017550447, 1.3217915513410403, -0.7051940650097964, 0.009554739598227446, 1.9699945998744532, 0.6680970688847147, 1.0,1.0,0.0
3.4138673242636197, 1.22489845004959, 1.2949988397743493, -0.8128770231876528, 0.017834998818115955, 1.9355634920277414, 0.6105039245323187, 1.0,1.0,0.0
3.477284993877989, 1.266421512910775, 1.271868984263062, -0.7391528246043414, 0.0028444776974834163, 1.9662123007463386, 0.5450575830195779, 1.0,1.0,0.0
3.543701885467847, 1.3036204475828506, 1.2523564364338045, -0.1622075501706654, 0.012513838761510479, 1.985444951447907, 0.49857120685886014, 1.0499999523162842,1.0,0.0
3.612022342732676, 1.3397790905994658, 1.2364156479132025, 0.6456358874229811, 0.010742838982394226, 2.028716485931988, 0.5122257359955955, 1.0499999523162842,1.0,0.0
3.6740669457242494, 1.3782844926300872, 1.224001070327883, 1.0893618857161191, 0.00034963991186788557, 2.1024328360623667, 0.5763618986681228, 1.0499999523162842,1.0,0.0
3.733310588865128, 1.4222265249043125, 1.2150671553044712, 1.0551634586987715, 0.009425087970967274, 2.2124652038773065, 0.6668532306021052, 1.0499999523162842,1.0,0.0
3.789453227346215, 1.471097774831513, 1.2095683813095093, 0.9961301295576647, 0.003047121472718961, 2.0440051387074525, 0.7848143333091887, 1.0499999523162842,1.0,0.0
3.8421948163584068, 1.5243908298210578, 1.2074591194498783, 0.952458746132729, 0.003663970753599366, 1.7689708150971775, 0.9246239322666597, 1.0499999523162842,1.0,0.0
3.8912353110926063, 1.581598277282318, 1.2086939018719487, 0.9242132636606945, 0.012310602087509587, 1.5116257071381514, 1.0644505417820633, 1.0499999523162842,1.0,0.0
3.9362746667397155, 1.6422127046246648, 1.2132271533624324, 0.9113582724307926, 0.012884449849132923, 1.5094040749429047, 1.1903633733887062, 1.0499999523162842,1.0,0.0
3.977012838490632, 1.7057266992574678, 1.2210133255479552, 0.9139928704063136, 0.019871045317725766, 1.515670014186062, 1.3054945558897817, 1.0499999523162842,1.0,0.0
4.013149781536257, 1.7716328485900972, 1.2320068700551432, 0.9324728692843749, 0.012255187134759753, 1.4952967611078656, 1.3637105483072514, 1.0499999523162842,1.0,0.0
4.044385451067492, 1.8394237400319238, 1.2461622385106226, 0.9763439233531357, 0.005764694627635938, 1.4821917526978352, 1.3396124442133395, 1.0499999523162842,1.0,0.0
4.070419802275238, 1.908591960992318, 1.2634339332580566, 1.4144406360285535, 0.014804731317689612, 1.4778512093190694, 1.3110968548513326, 1.0499999523162842,1.0,0.0
4.090789694449464, 1.9787486478393501, 1.2837762537729611, 2.226353620627483, 0.017568141607559373, 1.4732148659384225, 1.3233627827714072, 1.0499999523162842,1.0,0.0
4.098351733085618, 2.053991966186408, 1.3071438038330725, 2.3752591353147534, 0.015141047508204084, 1.4649681897431475, 1.3763914903360703, 1.0499999523162842,1.0,0.0
4.090559507429244, 2.134016169562888, 1.3334909677505493, 1.980958488191893, 0.017424843800329264, 1.5743747978050224, 1.4821122681819654, 1.0499999523162842,1.0,0.0
4.068997095572221, 2.2153273258084396, 1.3627722469443102, 1.7004390958842315, 0.019315288638797425, 2.8198976112654757, 1.667479309328716, 1.5,1.0,0.0
4.035248575606434, 2.294431502762716, 1.394942043248689, 1.6397796203695547, 0.012820651730341831, 2.0288541224641445, 1.9710611105232994, 1.5,1.0,0.0
3.9908980256237596, 2.3678347682653658, 1.4299548248877425, 1.7800109427417596, 0.0011505851219701935, 1.290140190576989, 2.3789389750562124, 1.5,1.0,0.0
3.93752952371608, 2.4320431901560404, 1.467765043488097, 2.1497474306569972, 0.008176403032276555, 1.1419134860643918, 2.6822736394490834, 1.5,1.0,0.0
3.876727147975275, 2.483562836274391, 1.5083271265029907, 2.8025064456743625, 0.01278088078521062, 1.0712547329286317, 2.849082393853247, 1.5,1.0,0.0
3.810074976493226, 2.5188997744600683, 1.5515955980792138, 3.340221343366149, 0.03751381779221199, 1.0420909953724133, 2.9732596656104935, 1.5,1.0,0.0
3.7391570873618134, 2.534560072552723, 1.5975248373232287, 2.560094973639622, 0.032266364031505554, 1.0248435557138178, 3.0774617541070795, 1.5,1.0,0.0
3.66426297751205, 2.535877676977211, 1.646069320035049, 1.3040923048785342, 0.012738328218046279, 1.037245896904576, -3.1218922113797203, 1.5,1.0,0.0
3.588119864759739, 2.5315841874796234, 1.6971834476974172, 0.721818670170489, 0.0071851792137692765, 1.0193631243196661, -3.0573281689204213, 1.5,1.0,0.0
3.511151023989937, 2.5229451534755256, 1.7486736149745885, 0.49529622558455516, 0.025167354138146233, 1.0175230933236263, -3.010445864985017, 1.5,1.0,0.0
3.4337797300876964, 2.511226124380485, 1.7984195521470103, 0.292003198562323, 0.03918142462474207, 1.0075378526507561, -2.979806798744707, 1.5,1.0,0.0
3.3564292579380735, 2.4976926496100673, 1.8464238512377171, 0.10075269020152436, 0.205782553411414, 0.9889068044782974, -2.964444191312269, 1.5,1.0,0.0
3.2795228824261233, 2.4836102785798384, 1.8926891042697418, -0.09147312081685581, 0.8535674665434857, 0.9602281465573873, -2.9640195801956093, 1.5,1.0,0.0
3.2034838784369004, 2.4702445607053645, 1.9372179032661172, -0.18111257667643965, 0.8696923463075581, 0.9192110049875094, -2.9789098432489998, 1.5,1.0,0.0
3.12873552085546, 2.4588610454022124, 1.9800128402498773, -0.01646243238294372, 0.880065851241473, 0.9130332870438136, -2.9918810014113757, 1.5,1.0,0.0
3.057483283770061, 2.4482217876900427, 2.021076507244054, 0.2431776453243545, 0.8402421734572889, 0.8770232795606886, -2.9806916108675283, 1.5,1.0,0.0
2.985549028423301, 2.4356212899982608, 2.0604114962716817, 0.30126425063038936, 0.7904600181907477, 0.8451011266610946, -2.957079078931443, 1.5,1.0,0.0
2.9132186766210024, 2.4212967570053046, 2.0980203993557938, 0.26216475006820616, 0.7738189237156025, 0.8118994760608262, -2.936360807332221, 1.5,1.0,0.0
2.840778150168991, 2.4054853933896125, 2.1339058085194225, 0.22842847322095983, 0.7284157659429993, 0.7787261736453479, -2.9182160437942075, 1.5,1.0,0.0
2.7685133708730882, 2.388424403829625, 2.168070315785602, 0.19881371484260216, 0.6865115686679715, 0.7469149480540174, -2.9023879754937445, 1.5,1.0,0.0
2.6967102605391173, 2.370350993003778, 2.200516513177365, 0.17226363975287845, 0.6480308090451395, 0.7178102937568392, -2.8886755182914983, 1.5,1.0,0.0
2.625654740972903, 2.3515023655905125, 2.231246992717744, 0.14783771161300566, 0.6128337722795588, 0.6928784490119678, -2.8769274933596107, 1.5,1.0,0.0
2.555632733980268, 2.332115726268265, 2.2602643464297745, 0.12464553650576411, 0.6040032997393013, 0.6740740381383856, -2.867039147766971, 1.5,1.0,0.0
2.4869301613670336, 2.3124282797154763, 2.287571166336488, 0.10177580034117382, 0.5732729058926772, 0.6776615957877439, -2.8589511104222014, 1.5,1.0,0.0
2.4198329449390266, 2.292677230610583, 2.313170044460917, 0.07820982276890186, 0.5455642034327044, 0.6663678158628321, -2.8526510938553065, 1.5,1.0,0.0
2.354627006502068, 2.2730997836320244, 2.3370635728260964, 0.05270336010273973, 0.5207420210637125, 0.66503770008349, -2.848178989506562, 1.5,1.0,0.0
2.291598267861982, 2.25393314345824, 2.359254343455059, 0.02359522910072473, 0.5183875814150113, 0.6661475629228277, -2.8456365384907776, 1.5,1.0,0.0
2.2310326508245906, 2.2354145147676663, 2.379744948370838, -0.020990865065230273, 0.4982871151197681, 0.6663372258347398, -2.845205505368514, 1.5,1.0,0.0
2.173213808135845, 2.217780649738651, 2.3985379795964663, -0.0860301683973535, 0.5009954482326391, 0.6654745704416878, -2.8483639479399305, 1.5,1.0,0.0
2.116669509126831, 2.2008845755030686, 2.4156360291549777, -0.13188312733868915, 0.48898901671446027, 0.6638128830637858, -2.8554531992747063, 1.5,1.0,0.0
2.0599741868193924, 2.18446404981451, 2.4310416890694047, -0.1411198697034831, 0.49612661077076936, 0.6622487639270754, -2.863844413467702, 1.5,1.0,0.0
2.003133139995821, 2.1685133190338006, 2.4447575513627813, -0.1390371761371253, 0.48695266762315514, 0.6611498236602067, -2.872114089920882, 1.5,1.0,0.0
1.9461516674384118, 2.1530266295217646, 2.4567862080581397, -0.13696211171023784, 0.4936313790272102, 0.6605038433273144, -2.8802626591497376, 1.5,1.0,0.0
1.8890350679294574, 2.1379982276392284, 2.4671302511785145, -0.1348959670657157, 0.48561240229659847, 0.6602986044555079, -2.888290604361723, 1.5,1.0,0.0
1.831788640251253, 2.1234223597470177, 2.475792272746938, -0.13283993688718457, 0.4918560035975017, 0.6605219028201321, -2.89619845767048, 1.5,1.0,0.0
1.7744176831860923, 2.1092932722059565, 2.482774864786444, -0.13079512247706931, 0.4845381740685297, 0.6611615612025014, -2.9039867964065404, 1.5,1.0,0.0
1.716927495516269, 2.0956052113768706, 2.488080619320065, -0.12876253446951916, 0.4903715995300948, 0.6622054411423993, -2.9116562395289556, 1.5,1.0,0.0
1.6593233760240775, 2.082352423620585, 2.491712128370835, -0.12674309565129893, 0.48341434132980476, 0.6636414537104958, -2.919207444141603, 1.5,1.0,0.0
1.6016106234918115, 2.069529155297926, 2.4936719839617867, -0.12473764386436101, 0.4888625830775897, 0.6654575693282172, -2.926641102116997, 1.5,1.0,0.0
1.5437945367017645, 2.057129652769717, 2.494796662671281, -0.12274693496582588, 0.4821443340600605, 0.6676418266645964, -2.9339579368296937, 1.5,1.0,0.0
1.485880414436231, 2.0451481623967855, 2.4959213413807757, -0.1207716458233905, 0.4872302023093509, 0.6701370259730188, -2.941158700000566, 1.5,1.0,0.0
1.4278735554775048, 2.033578930539955, 2.4970460200902704, -0.11881237732689284, 0.48064666522168165, 0.672325306118863, -2.9482441686526615, 1.5,1.0,0.0
1.3697792586078805, 2.0224162035600517, 2.4981706987997647, -0.11686965739641304, 0.4853906880160884, 0.6748576233244411, -2.9552151421787456, 1.5,1.0,0.0
1.3116028226096514, 2.0116542278179015, 2.4992953775092595, -0.11494394397182751, 0.4788262510273832, 0.6777223110823577, -2.962072439519926, 1.5,1.0,0.0
1.2533495462651119, 2.0012872496743284, 2.500420056218754, -0.11303562796933171, 0.48324688296363894, 0.6809077981150882, -2.9688168964545683, 1.5,1.0,0.0
1.1950247283565552, 1.9913095154901574, 2.5015447349282485, -0.11114503618953946, 0.476575557267754, 0.6954423593896435, -2.975449362995999, 1.5,1.0,0.0
1.136633667666276, 1.9817152716262152, 2.502669413637743, -0.10927243416780692, 0.48068938162950836, 0.7221843099964389, -2.9819707008970866, 1.5,1.0,0.0
1.0781816629765677, 1.9724987644433263, 2.503794092347238, -0.10741802895671997, 0.48433437507472904, 0.7250316948046328, -2.9883817812597253, 1.5,1.0,0.0
1.0196740130697246, 1.9636542403023158, 2.5049187710567327, -0.10558197183006254, 0.46858321454723106, 0.7597999211346478, -2.9946834822466584, 1.5,1.0,0.0
0.961116016728041, 1.9551759455640094, 2.506043449766227, -0.10376436090183992, 0.4724550479649561, 0.7626394842475287, -3.000876686892878, 1.5,1.0,0.0
0.90251297273381, 1.947058126589232, 2.505831820587146, -0.10196524365402009, 0.46146511828424974, 0.8014824794974534, -3.0069622810136885, 1.5,1.0,0.0
0.8438701798693267, 1.9392950297388092, 2.5030379154450695, -0.1001846193669063, 0.46505028276962435, 0.8407141473027856, -3.0129411512062427, 1.5,1.0,0.0
0.7851929369168837, 1.931880901373566, 2.4977976077468984, -0.09842244144784683, 0.45513180554566757, 0.8432488802573423, -3.018814182941228, 1.5,1.0,0.0
0.7264865426587759, 1.9248099878543283, 2.4902467708995415, -0.09667861965478347, 0.45844665301522763, 0.8785813101026926, -3.0245822587412174, 1.5,1.0,0.0
0.6677562958772976, 1.9180765355419203, 2.4805212783099004, -0.09495302221122377, 0.44975088279077235, 0.8810944943106588, -3.030246256442148, 1.5,1.0,0.0
0.6090074953547417, 1.911674790797168, 2.4687570033848796, -0.09324547781038126, 0.4528115270848633, 0.9086540622627924, -3.0358070475341887, 1.5,1.0,0.0
0.5502454398734032, 1.9055989999808967, 2.455089819531384, -0.09155577750735114, 0.44549279954897214, 0.9111345628472117, -3.041265495578299, 1.5,1.0,0.0
0.491475428215575, 1.8998434094539318, 2.439655600156318, -0.09887664490018784, 0.44831504140668205, 0.9299615443102482, -3.046622454694699, 1.5,1.0,0.0
0.4327027591635518, 1.8944022655770978, 2.4225902186665853, -0.07633526296255276, 0.4427090412687903, 0.9325645282241953, -3.0522131010998166, 1.5,1.0,0.0
0.3586218882306863, 1.8879372978029725, 2.404029548469091, -0.058127119654524266, 0.4381837399035466, 0.9443492386355032, -3.056905960248536, 1.5,1.0,0.0
0.28449176392529796, 1.8818206743798829, 2.3841094629707373, -0.05579059273957017, 0.44050205929424124, 0.9516275924575741, -3.0613425915070667, 1.5,1.0,0.0
0.2103181233420556, 1.876010296880809, 2.3629658355784318, -0.04808941171513272, 0.4372072851705746, 0.956319421482233, -3.0652068565880706, 1.5,1.0,0.0
0.1361067035756292, 1.870464066878735, 2.340734539699077, -0.04040185365813929, 0.43495241342246277, 0.9577504973781416, -3.068499434311537, 1.5,1.0,0.0
0.06186324172068697, 1.8651398859466402, 2.3175514487395756, -0.03272701634149236, 0.4334754447918144, 0.9616064231935724, -3.0712209759720537, 1.5,1.0,0.0
-0.01240652512810167, 1.859995655657507, 2.293552436106835, -0.025063410842694776, 0.4346062629840646, 0.9669990477183237, -3.0733720733176138, 1.5,1.0,0.0
-0.08669685987606762, 1.854989277584317, 2.2688733752077574, -0.01740907566634573, 0.4333869760615242, 0.9677060862455338, -3.0749532322057065, 1.5,1.0,0.0
-0.16100202542854145, 1.8500786533000517, 2.2436501394492483, -0.009761689262432508, 0.4323834276136944, 0.9748292561778624, -3.0759648518711145, 1.5,1.0,0.0
-0.23531628469085475, 1.845221684377693, 2.218018602238211, -0.0021186811633384242, 0.4326146948204075, 0.982994029472104, -3.0764072097456943, 1.5,1.0,0.0
-0.30963390056833806, 1.840376272390222, 2.1921146369815503, 0.0055226579281285595, 0.431270862896873, 0.991131229354451, -3.076280451781673, 1.5,1.0,0.0
-0.3839491359663217, 1.8355003189106207, 2.166074117086171, 0.013165066694384367, 0.4295752545500554, 0.9908070153742916, -3.075584588244667, 1.5,1.0,0.0
-0.4582562537901378, 1.8305517255118704, 2.1400329159589764, 0.0208112039553885, 0.42726086121108325, 0.9944322425672184, -3.0743194949596906, 1.5,1.0,0.0
-0.5325495169451165, 1.8254883937669524, 2.114126907006871, 0.028463539162913595, 0.4263465925469455, 0.9947833865353849, -3.072484920011511, 1.5,1.0,0.0
-0.6068231883365887, 1.820268225248849, 2.0884919636367596, 0.03612424220524022, 0.4227997479653802, 0.9950627843689088, -3.0700804959183268, 1.5,1.0,0.0
-0.6810715308698854, 1.8148491215305411, 2.063263959255546, 0.043795072147007084, 0.4180808793597753, 0.9951815296111788, -3.067105757314031, 1.5,1.0,0.0
-0.7552888074503378, 1.8091889841850106, 2.038578767270135, 0.05147726461955622, 0.4119348457023786, 0.9949670707523952, -3.063560164187444, 1.5,1.0,0.0
-0.829469280983276, 1.8032457147852394, 2.014572261087431, 0.05917141770001868, 0.40411230542998444, 0.9940820699094519, -3.0594431307358465, 1.5,1.0,0.0
-0.9036072143740327, 1.7969772149042085, 1.9913803141143378, 0.0668773762778152, 0.40164253807477385, 0.9927061355937354, -3.0547540598935377, 1.5,1.0,0.0
-0.9776968705279363, 1.7903413861148998, 1.9691387997577592, 0.07459182403855899, 0.39156979302745804, 0.9907460470197536, -3.0494923835922565, 1.5,1.0,0.0
-1.0517325123503192, 1.783296129990295, 1.9479835914246009, 0.08231956097310518, 0.3798491744684267, 0.9881077391294778, -3.04365795177753, 1.5,1.0,0.0
-1.1257084608078003, 1.7757993936538696, 1.9280505625217663, 0.09005541954904871, 0.36676792332446434, 0.9874073535760428, -3.0372493693461644, 1.5,1.0,0.0
-1.199618804621847, 1.7678089420271226, 1.9093031985126634, 0.09778330369223015, 0.35260103230661943, 0.9902598620567766, -3.0302671356861715, 0.800000011920929,1.0,0.0
-1.2734579808816522, 1.7592828133345182, 1.8915924255695185, 0.10550895928651129, 0.3485159045940474, 0.9968311684686063, -3.0227120176170232, 0.800000011920929,1.0,0.0
-1.347220194431262, 1.7501788635985438, 1.8748872931432319, 0.1132278970117868, 0.33303181928509745, 1.0061603912836312, -3.0145833544697256, 0.800000011920929,1.0,0.0
-1.4208997081760038, 1.7404549943921812, 1.859156851464096, 0.1209242877477228, 0.31692250251151066, 1.0172377116361142, -3.0058822682451436, 0.800000011920929,1.0,0.0
-1.4944907850212104, 1.7300691072884116, 1.8443701507624073, -0.0007645426603548692, 0.30039647875890574, 1.0131024491519833, -2.9966100037085686, 0.800000011920929,1.0,0.0
-1.567987687872213, 1.718979103860217, 1.830496241268459, -0.3197957594962177, 0.2944914279061281, 1.0331499338568917, -3.004773814830893, 0.800000011920929,1.0,0.0
-1.6637812852859497, 1.706761360168457, 1.8175041675567627, -0.5639830607739962, 0.31659236116566647, 1.0644251441278298, -3.047275859127944, 1.2000000476837158,1.0,0.0
-1.758370278812408, 1.7009693937253914, 1.8053629968249598, -0.8167411257941836, 0.3452578502223902, 1.0331731224123724, -3.1184695075204973, 1.2000000476837158,1.0,0.0
-1.8516018827565897, 1.70241758285394, 1.7940417623359997, -0.9472960402158025, 0.31861567428741683, 0.9951895915915622, 3.0824531742287196, 1.0,1.0,0.0
-1.9433234939541777, 1.7119202002878637, 1.7835095199759574, -1.066583704536823, 0.28054176776601364, 0.9527316153876341, 2.989439275375653, 1.0,1.0,0.0
-2.0333824636081856, 1.730291545158213, 1.7737353199751271, -1.1580342302403428, 0.21908219757458042, 0.9057756547195829, 2.8868725101513424, 1.0,1.0,0.0
-2.1216261429216265, 1.758345916596039, 1.7646882125638035, -1.2069577425820124, 0.14062493211084362, 0.8550125314152119, 2.7770009688506017, 1.0,1.0,0.0
-2.207901883097514, 1.796897613732391, 1.756337247972282, -1.3568195424387604, 0.04632830860928211, 0.8017949617992775, 2.6624271371976733, 1.0,1.0,0.0
-2.2917074564367144, 1.8467117729262574, 1.7486514764308563, -1.5776718136147696, 0.022763563220910332, 0.7360339280539496, 2.520273428018487, 1.0,1.0,0.0
-2.371407629012681, 1.9139517819689533, 1.7415999481698201, -1.709254107639583, 0.0020159519928723, 0.6498623833113959, 2.3416886133428925, 1.0,1.0,0.0
-2.435426455701315, 1.9946619866575526, 1.7351517134194685, -1.5124746748287141, 0.001566651740663283, 0.6466266473504751, 2.1623428291085216, 1.0,1.0,0.0
-2.4870681511073367, 2.086117463761096, 1.7292758224100955, -1.0311212807710264, 0.09059365018279625, 0.49321953089880505, 2.029170938945089, 1.0,1.0,0.0
-2.52963692983547, 2.1855932900486255, 1.723941325371996, -0.6077131330573587, 0.4393365262290877, 0.16601783992417682, 1.9414300198601382, 1.0,1.0,0.0
-2.5664370064904363, 2.290364542289183, 1.7191172725354638, -0.2520497638825145, 0.938038025551923, 0.04486365025062934, 1.8943759061747514, 1.0,1.0,0.0
-2.600772595676959, 2.397706297251811, 1.7147727141307936, 0.0665772641802873, 1.0591870241329127, 0.04010213629431331, 1.884138177058973, 1.0,1.0,0.0
-2.635947911999759, 2.5048936317055492, 1.7108767003882799, 0.38704691671469377, 1.0497374645377515, 0.04553615882443594, 1.9094546166601045, 1.0,1.0,0.0
-2.6752671700635604, 2.60920162241944, 1.7073982815382172, 0.7440685494208971, 1.0422930857589683, 0.05323410375716739, 1.971860182505024, 1.0,1.0,0.0
-2.722034584473085, 2.707905346162525, 1.7043065078108994, 1.1642571268457316, 0.6241000210143751, 0.054740828653576774, 2.074833437267024, 1.0,1.0,0.0
-2.7795543670654297, 2.7982797622680664, 1.701570429436621, 1.6498502871908642, 0.0251212262637579, 0.03915884985345722, 2.2242968654882724, 1.0,1.0,0.0
-2.8511288276715807, 2.876492318828, 1.6991590966456767, 2.0451928251557048, 0.005393990913585833, 0.04688121561782514, 2.4275446603234476, 1.0,1.0,0.0
-2.93767098397379, 2.9353023397801516, 1.6970415596683606, 1.995913940453066, 0.7420484864732912, 0.005927375363991132, 2.6515402367256193, 1.0,1.0,0.0
-3.0365061446781407, 2.97538286410704, 1.6951868687349674, 1.6129032141883746, 1.2587180890667717, 0.07608248637666899, 2.8450479843765204, 1.0,1.0,0.0
-3.1447176353340414, 2.998566336324811, 1.6935640740757911, 1.1932035703704131, 1.5654247731414952, 0.05798135732328863, 3.002062119459375, 1.0,1.0,0.0
-3.259388781490898, 3.0066852009496126, 1.6921422259211263, 1.1240145623273683, 0.5092382407139889, 0.02885455950981311, 3.1260247242869883, 1.0,1.0,0.0
-3.359742467769638, 3.001914098173878, 1.6908903745012671, 1.2510003271842753, 0.3451206505183174, 0.08534543398109272, -3.0348611128535663, 1.0,1.0,0.0
-3.456248517474901, 2.9855939091244017, 1.6909122778747399, 1.1764251586160084, 0.2557293503245763, 0.03365555345976362, -2.9172754306885267, 1.0,1.0,0.0
-3.549241647196122, 2.9586785455067237, 1.6931174552981627, 1.084220329614095, 0.18689823682871376, 0.9381283826842677, -2.8074099859404287, 1.0,1.0,0.0
-3.63905668258667, 2.922122001647949, 1.6972912883936637, 0.9297618705608086, 0.12782605007552839, 0.9761648818300618, -2.708220506499579, 1.0,1.0,0.0
-3.7260280130441776, 2.876877941388928, 1.7032191587833732, 0.8512003689175901, 0.07881628596641191, 1.023786709067363, -2.6231207492924313, 1.0,1.0,0.0
-3.8037501035707426, 2.8281587138986097, 1.7106864480894206, 0.7881706249338749, 0.04153188618313616, 1.0796489287638018, -2.5465610509429095, 1.0,1.0,0.0
-3.878112449813238, 2.7739369083379435, 1.7194785379339337, 0.6587436525164637, 0.010353571389102895, 1.1492838545296093, -2.4810736965615923, 1.0,1.0,0.0
-3.9495168177595086, 2.7149071904548707, 1.7293808099390422, 0.5527125969626953, 0.0017128759657943915, 1.052549453824812, -2.4249810106920817, 1.0,1.0,0.0
-4.01836497339741, 2.651764225997337, 1.7401786457268762, 0.45000193319473153, 0.0107934267548504, 0.9192797803863934, -2.378198233351815, 1.0,1.0,0.0
-4.085058682714787, 2.585202680713283, 1.7516574269195642, 0.3526035194613182, 0.003592057585523112, 0.8041508270489124, -2.340447923243021, 1.0,1.0,0.0
-4.149999711699495, 2.5159172203506524, 1.763602535139235, 0.26082512259287866, 0.005677926699349384, 0.7614460511870418, -2.311380136670737, 1.0,1.0,0.0
-4.213589826339383, 2.444602510657389, 1.775799352008018, 0.1738713073348761, 0.003124056713754042, 0.7225799015865749, -2.2906584078357506, 1.0,1.0,0.0
-4.276230792622301, 2.3719532173814346, 1.7880332591480426, 0.09028180121063119, 0.012080963036224558, 0.6890279538279548, -2.2780162679146785, 1.5,1.0,0.0
-4.338324376536098, 2.2986640062707333, 1.8000896381814375, 0.008222942810385624, 0.01238697490228375, 0.6639470932072608, -2.273291768010913, 1.5,1.0,0.0
-4.400272344068627, 2.2254295430732296, 1.8117538707303327, -0.07432836997416585, 0.012800906912519089, 0.6512246643360762, -2.276446610434319, 1.5,1.0,0.0
-4.462476461207738, 2.152944493536863, 1.8228113384168565, -0.15945589723325057, 0.0075198909728707575, 0.6464832701030654, -2.287574148759792, 1.5,1.0,0.0
-4.52533849394128, 2.08190352340958, 1.8330474228631384, -0.2491748676218471, 0.00025360274135655114, 0.6397616535717386, -2.3068976839009765, 1.5,1.0,0.0
-4.589260208257105, 2.0130012984393213, 1.842247505691308, -0.34524276244468766, 0.00217088376549468, 0.6322000499472472, -2.33475744457211, 1.5,1.0,0.0
-4.654643370143063, 1.9469324843740312, 1.8501969685234938, -0.4488445934010827, 0.004487430174082707, 0.6248363537948597, -2.3715814240976814, 1.5,1.0,0.0
-4.721889745587003, 1.884391746961652, 1.856681192981825, -0.5600892160242374, 0.007005725126798645, 0.615874739886388, -2.4178320822913664, 1.5,1.0,0.0
-4.791401100576776, 1.826073751950128, 1.8614855606884315, -0.6772882433464467, 0.015226033633933433, 0.6068090580523734, -2.47391881434096, 1.5,1.0,0.0
-4.863579201100233, 1.7726731650874012, 1.864395453265442, -0.7960995724828881, 0.006370013675790986, 0.5995985336871589, -2.540067500823137, 1.5,1.0,0.0
-4.9388258131452245, 1.7248846521214147, 1.8651962523349852, -0.9088416629493187, 0.023158655900252678, 0.5948327785480934, -2.6161476011824782, 1.5,1.0,0.0
-5.0175427026996005, 1.683402878800112, 1.863673339519191, -1.0050402763100241, 0.006598856339899595, 0.592954833309398, -2.7014784741787237, 1.5,1.0,0.0
-5.100131635751212, 1.6489225108714363, 1.8596121072769165, -1.1339567558780057, 0.07582856416765041, 0.5942530847900719, -2.7947714826693724, 1.5,1.0,0.0
-5.18696233772625, 1.622169495511681, 1.8544128820111376, -1.407313078781412, 0.14799814326002736, 0.5996446121764004, -2.907761513555869, 1.5,1.0,0.0
-5.27432781579308, 1.6074310388167752, 1.8496455304137323, -1.7222300101115688, 0.15364916535136047, 0.6014018852193258, -3.051419271630274, 1.5,1.0,0.0
-5.35959260682449, 1.6065605105722305, 1.8453381638486466, -1.7955686645226523, 0.15995241778324268, 0.6001850176947867, 3.0766056578740613, 1.5,1.0,0.0
-5.4429117266896405, 1.6184022500028385, 1.8415189045165576, -1.6434905755283866, 0.08503870895624646, 0.5981536487246921, 2.9309888626223963, 1.5,1.0,0.0
-5.5244401912576935, 1.6418005963333893, 1.8382158746181378, -1.4115975249227912, 0.005189052217868029, 0.5965402475541479, 2.8010588057396837, 1.5,1.0,0.0
-5.604333016397809, 1.6755998887886738, 1.835457196354064, -1.1579032303974028, 0.0021580341850356843, 0.5966362143001966, 2.689679771279638, 1.5,1.0,0.0
-5.682745217979148, 1.7186444665934837, 1.8332709919250103, -0.920582163412446, 0.010317966477688845, 0.5991903713740329, 2.597024697185912, 1.5,1.0,0.0
-5.759831811870869, 1.7697786689726083, 1.831685383531652, -0.715883341686478, 0.010320474174381755, 0.6042855745319613, 2.521711991859482, 1.2000000476837158,1.0,0.0
-5.835747813942132, 1.8278468351508381, 1.8307284933746641, -0.5458458714713117, 0.015893769992659013, 0.6114870974456175, 2.4617722209549138, 1.2000000476837158,1.0,0.0
-5.910648240062103, 1.891693304352966, 1.8304284436547211, -0.40588136075946957, 0.0059272613596154655, 0.6194774520659634, 2.4152346459575758, 1.2000000476837158,1.0,0.0
-5.984688106099931, 1.9601624158037803, 1.8308133565724982, -0.28931960217575986, 0.001341942344821323, 0.6262864483235202, 2.3804061671595007, 1.2000000476837158,1.0,0.0
-6.058022427924786, 2.0320985087280734, 1.8319113543286707, -0.18945211019922314, 0.007013119192363582, 0.6330352381153358, 2.3559707786732114, 1.2000000476837158,1.0,0.0
-6.130806221405825, 2.106345922350635, 1.833893592723757, -0.10016555156365961, 0.009684321739463875, 0.6384441503684288, 2.341005461745702, 1.2000000476837158,1.0,0.0
-6.203194502412207, 2.1817489958962564, 1.8368757694277638, -0.01591700639507903, 0.0009108244096591722, 0.6713733145714799, 2.3349677950317025, 1.2000000476837158,1.0,0.0
-6.275342286813094, 2.257152068589728, 1.8408170539442357, 0.06856460384486666, 0.0044690387183380365, 0.7278357606899519, 2.337683077716362, 1.2000000476837158,1.0,0.0
-6.347404590477645, 2.3313994796558406, 1.8456766157767188, 0.15868682527007577, 0.011481970276551734, 0.8001560060884487, 2.349343666107115, 1.2000000476837158,1.0,0.0
-6.419536429275023, 2.4033355683193856, 1.8514136244287578, 0.2604450568103224, 0.0023865508734448593, 0.8803733020177738, 2.370525305169558, 1.2000000476837158,1.0,0.0
-6.491892819074383, 2.4718046738051527, 1.8579872494038974, 0.38085777106801, 0.0026994621773668293, 1.0513796212289266, 2.4022196963553033, 1.2000000476837158,1.0,0.0
-6.56462877574489, 2.535651135337933, 1.8653566602056837, 0.49065226435891407, 0.021088950148308472, 1.2009134764261535, 2.445874828839784, 2.0,1.0,0.0
-6.637899315155702, 2.5937192921425174, 1.8734810263376604, 0.7882365620239854, 0.036793795602757126, 1.3346249888402657, 2.5018423346790772, 2.0,1.0,0.0
-6.696323547223447, 2.633652563846249, 1.8823195173033733, 1.1459003315983138, 0.0518474195106209, 1.2380543978551286, 2.576985290322882, 2.0,1.0,0.0
-6.757194234236326, 2.6692790874913728, 1.8918313026063682, 1.1214628756324225, 0.06942840107312141, 1.1594266001870623, 2.6516515507302834, 2.0,1.0,0.0
-6.8208313981668836, 2.7000541565378846, 1.9019755517501884, 1.1944549807386742, 0.09155631719644665, 1.1018492771995507, 2.734852780102827, 2.0,1.0,0.0
-6.887554133242602, 2.725433008426803, 1.9127114342383804, 1.184352204118032, 0.1199080552570628, 1.0999769748426622, 2.821447253944677, 2.0,1.0,0.0
-6.956239702600516, 2.7449488855293507, 1.923998119574489, 1.1367272304810672, 0.15218646748834708, 1.067607482497901, 2.904806520898433, 2.0,1.0,0.0
-7.02563287751906, 2.7587532091556617, 1.9363608823327418, 1.0782349983378987, 0.18717705128809342, 1.0488301163157834, 2.9832035894758127, 2.0,1.0,0.0
-7.095650268136944, 2.767216516774377, 1.9503099166719315, 1.0044849859530005, 0.2241409781179758, 1.0612500691612066, 3.056745557380526, 2.0,1.0,0.0
-7.166208484592886, 2.770709345854139, 1.9657713149887988, 0.9191539601604983, 0.3609807408675479, 1.0602707250255872, 3.12474285409795, 2.0,1.0,0.0
-7.237224137025599, 2.769602233863589, 1.982671169680085, 0.8283476879275884, 1.5629709598362347, 1.0775286683141518, -3.096375003300748, 2.0,1.0,0.0
-7.308613835573802, 2.7642657182713717, 2.000935573142533, 0.7368862578798989, 1.5383849342341815, 1.0938847197446537, -3.0403679067564013, 2.0,1.0,0.0
-7.3802941903762065, 2.755070336546127, 2.0204906177728836, 0.6481201673530624, 1.5124363976626902, 1.0830791782270643, -2.99036089146421, 2.0,1.0,0.0
-7.452181811571526, 2.742386626156497, 2.041262395967878, 0.5640557364923611, 1.487022634398501, 1.0741050114782018, -2.946166472004577, 2.0,1.0,0.0
-7.5241933092984805, 2.726585124571127, 2.0631770001242593, 0.48562430439541193, 1.4645702130904328, 1.070243131854766, -2.9075248068490676, 2.0,1.0,0.0
-7.596245293695777, 2.708036369258654, 2.0861605226387683, 0.4129759266884731, 1.4421489633996738, 1.0709568937159581, -2.8741467199791044, 2.0,1.0,0.0
-7.668254374902136, 2.687110897687724, 2.110139055908146, 0.3457335244552392, 1.4239154174256414, 1.0756261398239138, -2.845745148784297, 2.0,1.0,0.0
-7.740137163056272, 2.664179247326978, 2.1350386923291347, 0.2831845296109958, 1.409598758148478, 1.0835637287816393, -2.822056945411535, 2.0,1.0,0.0
-7.811810268296899, 2.6396119556450577, 2.1607855242984755, 0.2244102295362923, 1.398852216745908, 1.0940270492143012, -2.802857455142165, 2.0,1.0,0.0
-7.883190300762731, 2.613779560110606, 2.187305644212911, 0.16836270368687997, 1.3898144084316097, 1.106263096207656, -2.7879701647668127, 2.0,1.0,0.0
-7.9541938705924835, 2.5870525981922645, 2.214525144469181, 0.11390116089050292, 1.3934215290710217, 1.1195119486459442, -2.7772733320180873, 2.0,1.0,0.0
-8.024737587924871, 2.559801607358675, 2.241855516894018, 0.059795092482999114, 1.3891343317021172, 1.1329996121387669, -2.7707050834130023, 2.0,1.0,0.0
-8.094738062898609, 2.532397125078481, 2.2687420937779375, 0.004721111351077146, 1.406875989001356, 1.1459261104920648, -2.768268518405737, 2.0,1.0,0.0
-8.164112091064453, 2.5052096843719482, 2.2951853520540046, -0.052793493050339396, 1.4356295848315421, 1.146794590132408, -2.7700346635499256, 2.0,1.0,0.0
-8.232775726324993, 2.4786098360528444, 2.3211857686552846, -0.04444169358966195, 1.4739601695085025, 1.1602452985176794, -2.7761523236607624, 2.0,1.0,0.0
-8.30064613505507, 2.4529681042446865, 2.3467438205148445, 0.11893286568346678, 1.5126849018264459, 1.1592433201020578, -2.7764559814609058, 2.0,1.0,0.0
-8.366416950301986, 2.4275216433172124, 2.3718599845657495, 0.3184423738668018, 1.2118545649814472, 1.165614187141005, -2.7588676407030333, 4.5,1.0,0.0
-8.431398225388754, 2.400330462791634, 2.396534737741065, 0.38388428589823004, 1.1568622812783969, 1.160218504013678, -2.7317921739798043, 4.5,1.0,0.0
-8.495504136366428, 2.37144694233973, 2.4207685569738566, 0.3838579530377392, 1.109001057973898, 1.1556038156720818, -2.70481468124632, 4.5,1.0,0.0
-8.558648859286064, 2.34092346163328, 2.44456191919719, 0.3851815579063163, 1.0613126564954067, 1.1520189806770582, -2.6778599327813035, 4.5,1.0,0.0
-8.620746570198719, 2.3088124003440638, 2.467915301344132, 0.38789062230135424, 1.0212170599482147, 1.1497255546293836, -2.6508515300922832, 4.5,1.0,0.0
-8.681711445155447, 2.2751661381438595, 2.4908291803477467, 0.39203015793158996, 0.9905544759302726, 1.1490872303198796, -2.6237115749213142, 4.5,1.0,0.0
-8.741457660207306, 2.2400370547044473, 2.5136059190132127, 0.3976553379470774, 0.9621220560004875, 1.1505083415920379, -2.5963603161148674, 4.5,1.0,0.0
-8.79989939140535, 2.203477529697607, 2.536448496531495, 0.40483205587141813, 0.9430843296989717, 1.1543941504875406, -2.568715781340384, 4.5,1.0,0.0
-8.856950814800639, 2.165539942795117, 2.5592732028845946, 0.41363733781367656, 0.9353883753656528, 1.1611468583157867, -2.5406934016919456, 4.5,1.0,0.0
-8.912526106444224, 2.126276673668757, 2.581996328054511, 0.42785482569995864, 0.9362947569412855, 1.1711611351608615, -2.5122056390374823, 4.5,1.0,0.0
-8.966539442387162, 2.085740101990307, 2.6045341620232443, 0.48076097412295066, 0.9424212546823347, 1.1846009833861484, -2.4826910656281944, 4.5,1.0,0.0
-9.01899083743631, 2.043836094309412, 2.626802994772795, 0.5501798400241479, 0.9635291584918125, 1.199442713675598, -2.4478553605238873, 4.5,1.0,0.0
-9.070652704681441, 1.9991554905361295, 2.6487191162851635, 0.5598534344625572, 0.9882409588619789, 1.2155591117678313, -2.4087418269648477, 4.5,1.0,0.0
-9.121606048268227, 1.9514757690469269, 2.670198816542349, 0.5286509583569257, 0.04160467010499336, 1.2341904114235607, -2.370574944459572, 4.5,1.0,0.0
-9.171696535204207, 1.9009767683237397, 2.691158385526353, 0.49764048354579177, 1.065590562342159, 1.2925925070491862, -2.3341387432303757, 4.5,1.0,0.0
-9.220769832496922, 1.8478383268485032, 2.7115141132191747, 0.4732305360065048, 1.1131205158384725, 1.3133715313018586, -2.2990842341748334, 4.5,1.0,0.0
-9.268671989440918, 1.7922402620315552, 2.731182289602814, 0.45457604927386175, 1.1680776843055514, 1.3328827624533028, -2.265089688962665, 4.5,1.0,0.0
-9.315247526182713, 1.7343624755696256, 2.7500792046592726, 0.4409604393700442, 1.2294664810107736, 1.3868278614734355, -2.2318704926397093, 4.5,1.0,0.0
-9.36034325659087, 1.6743847427298568, 2.768121148370549, 0.43196470737237286, 1.2294664810107736, 1.409008753649427, -2.1991640863020083, 4.5,1.0,0.0
-9.403804465385914, 1.612486923065781, 2.7852244107186452, 0.4272212863235193, 1.2154434297580985, 1.4342834903595791, -2.1667129723155125, 4.5,1.0,0.0
-9.445476531982422, 1.5488488674163818, 2.8013052816855586, 0.4264562577113595, 1.2495494025323726, 1.5139191784071984, -2.1342849660648477, 4.5,1.0,0.0
-9.485205986166841, 1.4836503771924527, 2.8162800512532917, 0.42961257306973144, 1.9894884968291873, 1.555610562747117, -2.1016456158292356, 4.5,1.0,0.0
-9.52283763885498, 1.4170713424682617, 2.830065009403844, 0.4365529161817191, 2.0173725372799605, 1.6006299207122403, -2.068561016078317, 4.5,1.0,0.0
-9.55821704864502, 1.3492915630340576, 2.842576446119216, 0.44730272157119133, 2.0947874478217, 1.7062398263207779, -2.034813788265479, 4.5,1.0,0.0
-9.591191030428403, 1.2804908692485537, 2.853730651381407, 0.4620768549415591, 2.174434400786841, 1.7006722062296993, -2.0001662914134704, 4.5,1.0,0.0
-9.62160411670313, 1.2108491367592897, 2.8630363349874477, 0.48097002916987164, 2.2566954325340807, 1.6306820280374767, -1.9643754155043953, 4.5,1.0,0.0
-9.649302350417521, 1.1405461868192681, 2.8702708363475717, 0.5041902842840468, 2.3418945738110617, 1.6098971324242344, -1.9272008126595106, 4.5,1.0,0.0
-9.674131398579119, 1.0697618579104253, 2.8757801551438007, 0.5320580819606623, 1.7118454559197733, 1.5717880053258793, -1.8883828288756872, 4.5,1.0,0.0
-9.695936928195465, 0.9986759885146977, 2.879910291058158, 0.564859643296426, 1.3768878079426943, 1.571454121557157, -1.8476525861738886, 4.5,1.0,0.0
-9.714564606274099, 0.9274684171140205, 2.8830072437726653, 0.6028952895190952, 1.2715445731047537, 1.5755810414146816, -1.8047299321726658, 4.5,1.0,0.0
-9.729860099822554, 0.8563189821903293, 2.8854170129693464, 0.6464363129247378, 1.2765736139352204, 1.5724357527354407, -1.7593251977882198, 4.5,1.0,0.0
-9.741669075848376, 0.7854075222255598, 2.887485598330225, 0.6956017689759388, 1.2825186281563061, 1.582394827852901, -1.7111412879265155, 4.5,1.0,0.0
-9.749836921691895, 0.7149139046669006, 2.889558999537321, 0.7503541275000403, 1.2877839837699225, 1.5841448696223654, -1.659890274882477, 4.5,1.0,0.0
-9.754210143362272, 0.645017881100529, 2.8919832162726586, 0.8105126213161867, 1.292653455078165, 1.5767652450809284, -1.6052896907094145, 4.5,1.0,0.0
-9.754633903503418, 0.5758993625640869, 2.895104248218261, 0.8751738745476488, 1.297651081831816, 1.5653152361030183, -1.5470724157814555, 4.5,1.0,0.0
-9.75095272064209, 0.5077381730079651, 2.8992680950561507, 0.9429074972947687, 1.302395414219793, 1.5709119847600221, -1.4850555752945314, 4.5,1.0,0.0
-9.743014538401834, 0.4407141936532889, 2.9048207564683506, 1.0118830758835031, 1.3064212616808433, 1.5609564495611448, -1.419109301951086, 4.5,1.0,0.0
-9.730663299560547, 0.37500718235969543, 2.9121082321368825, 1.079033738430885, 1.3230399300511475, 1.5718335039655507, -1.3492030573553253, 4.5,1.0,0.0
-9.7137451171875, 0.3107970356941223, 2.9214765217437693, 1.140618294159784, 1.099260667001939, 1.5865214921367583, -1.2754792697558124, 4.5,1.0,0.0
-9.692106294144804, 0.24826355886087084, 2.933271624971034, 1.1924519348211888, 1.0335870074605555, 1.6090015271114186, -1.1982259683591399, 4.0,1.0,0.0
-9.665591627806178, 0.18758660521350307, 2.9478395415006995, 1.2408768246927078, 0.974767909062017, 1.6428703794413966, -1.1179310737613626, 4.0,1.0,0.0
-9.634047114020314, 0.12894601134441408, 2.965526271014788, 1.4476204451986014, 0.913266651627732, 1.7475566142549097, -1.0317828000433131, 4.0,1.0,0.0
-9.598548444179967, 0.0754910323153324, 2.986677813195323, 1.0579812732429983, 0.8538089676500985, 1.7312194293018095, -0.9400087434536857, 4.0,1.0,0.0
-9.548587040985241, 0.011928984463420042, 3.0116401677243267, 0.7268173841641155, 0.4759164569867554, 1.539767940982793, -0.8760275143773788, 4.0,1.0,0.0
-9.495979309082031, -0.04758428782224655, 3.0407593342838215, 0.7870780912125825, 0.7514896231023028, 1.4294024196306343, -0.8162731344775209, 4.0,1.0,0.0
-9.440874379316664, -0.10264907855276598, 3.0743813125558312, 0.8662229247091257, 0.2567925675823207, 1.2538586302550234, -0.7520137460786871, 4.0,0.0,0.0
-9.383422863250424, -0.15286564266436925, 3.1128521022223774, 0.9586969900585116, 0.6861041760125254, 1.1537691162441694, -0.6825296688850376, 0.0,0.0,0.0
-9.323774385301292, -0.19783426114319852, 3.156517702965483, 1.063952489690076, 0.665295508926148, 1.0675528355177253, -0.6071147875800229, 0.0,0.0,0.0
-9.262078816673078, -0.2371552084629184, 3.2057241144671718, 1.1796770140396717, 0.6481326789469561, 1.0008729743840836, -0.5251491942919813, 0.0,0.0,0.0
-9.198486028569588, -0.2704287590971933, 3.260817336409465, 1.3010225503360626, 0.6455048033952024, 0.9956357387859733, -0.43619057620091345, 0.0,0.0,0.0
-9.133146286010742, -0.29725518822669983, 3.322143368474386, 1.4196500042291262, 0.6458014515011208, 0.9602346135141722, -0.3400963360376021, 0.0,0.0,0.0
-9.066207885742188, -0.31723475456237793, 3.390048210343958, 1.4171215924168534, 0.659378236235724, 0.941834062404239, -0.2371864268231612, 0.0,0.0,0.0
-8.99782305944553, -0.3299677756239945, 3.464877861700203, 0.9170845872772847, 0.6748233183383746, 0.9334878503695565, -0.1447245803627671, 0.0,0.0,0.0
-8.926312642586698, -0.3376235834840698, 3.5469783222251436, 0.5201778283657519, 0.6983760033893852, 0.9413231323225477, -0.08597060263422289, 0.0,0.0,0.0
