-8.853461265563965, -0.34240931272506714, 3.6366839566391125, 0.0, 0.9954865376397595, 0.94784604269027, -0.03462987113400031, 0.0,0.0,0.0
-8.769170312210917, -0.34306757850572467, 3.730318388671017, 0.0, 0.974513074991216, 0.9477000337231608, -0.007809288814206049, 0.0,0.0,0.0
-8.68487935885787, -0.3437258442863822, 3.8246887777225087, 0.0, 0.9742379440345513, 0.9359368629778889, -0.007809288814206049, 0.0,0.0,0.0
-8.600588405504823, -0.34438411006703973, 3.9196975892403696, 0.0, 0.9742379440345513, 0.9246073515602451, -0.007809288814206049, 0.0,0.0,0.0
-8.516297452151775, -0.34504237584769726, 4.015247288671378, 0.0, 0.9742379440345513, 0.9142563112698366, -0.007809288814206049, 0.0,0.0,0.0
-8.432006498798728, -0.3457006416283548, 4.111240341462317, 0.0, 0.9742379440345513, 0.9054285539062715, -0.007809288814206049, 0.0,0.0,0.0
-8.34771554544568, -0.3463589074090123, 4.207579213059962, 0.0, 0.9742379440345513, 0.9054285539062716, -0.007809288814206049, 0.0,0.0,0.0
-8.263424592092633, -0.34701717318966985, 4.304166368911099, 0.0, 0.9742379440345513, 0.8986688912691576, -0.007809288814206049, 0.0,0.0,0.0
-8.179133638739586, -0.3476754389703274, 4.400904274462504, 0.0, 0.9742379440345512, 0.8945213318115063, -0.007809288814206049, 0.0,0.0,0.0
-8.094842685386539, -0.3483337047509849, 4.497695395160958, 0.0, 0.9742379440345513, 0.8931119437490066, -0.007809288814206049, 0.0,0.0,0.0
-8.010551732033491, -0.34899197053164244, 4.594442196453243, -4.880775975704093e-16, 0.9742379440345513, 0.8931119437490066, -0.007809288814206049, 0.0,0.0,0.0
-7.926260778680444, -0.34965023631229997, 4.69104714378614, 0.0, 0.9742379440345512, 0.8931119437490066, -0.0078092888142061315, 0.0,0.0,0.0
-7.841969825327398, -0.3503085020929575, 4.787412702606425, 9.761551951408185e-16, 0.9742379440345513, 0.8931119437490065, -0.007809288814206049, 0.0,0.0,0.0
-7.757678871974349, -0.350966767873615, 4.88344133836088, 0.0, 0.9742379440345512, 0.8931119437490066, -0.007809288814205968, 0.0,0.0,0.0
-7.673387918621302, -0.35162503365427256, 4.979035516496288, -4.880775975704093e-16, 0.9813167069885695, 0.8931119437490066, -0.007809288814206049, 0.0,0.0,0.0
-7.589096965268254, -0.3522832994349301, 5.074097702459427, 0.0, 0.9943042641647835, 0.889444283064866, -0.007809288814206049, 2.5,0.0,0.0
-7.504806011915207, -0.3529415652155876, 5.168530361697076, 0.0, 0.9943042641647835, 0.8819177908910134, -0.007809288814206049, 2.5,0.0,0.0
-7.4205150585621595, -0.35359983099624515, 5.262235959656017, 0.0, 1.011755515874707, 0.872035929974843, -0.007809288814206049, 2.5,0.0,0.0
-7.336224105209112, -0.3542580967769027, 5.355116961783032, 0.0, 1.0322253624298514, 0.861100779960958, -0.007809288814206049, 2.5,0.0,0.0
-7.251933151856065, -0.3549163625575602, 5.447075833524898, 0.0, 1.0322253624298514, 0.861100779960958, -0.007809288814206049, 2.5,0.0,0.0
-7.167642198503017, -0.35557462833821774, 5.538015040328395, 0.0, 1.0542687041417307, 0.8504144204939608, -0.007809288814206049, 2.5,0.0,0.0
-7.08335124514997, -0.35623289411887527, 5.6278370476403055, 0.0, 1.0764404413218582, 0.8412789312184531, -0.007809288814206049, 2.5,0.0,0.0
-6.999060291796923, -0.3568911598995328, 5.71644432090741, 0.0, 1.0764404413218582, 0.8349956247490526, -0.007809288814206049, 2.5,0.0,0.0
-6.914769338443875, -0.3575494256801903, 5.803739325576488, 0.0, 1.0972954742817458, 0.8322559795180999, -0.007809288814206049, 2.5,0.0,0.0
-6.830478385090828, -0.35820769146084785, 5.889624527094317, 0.0, 1.1154055340250484, 0.8320459091329587, -0.007809288814206049, 2.5,0.0,0.0
-6.746187431737781, -0.3588659572415054, 5.974002390907681, 0.0, 1.1154055340250482, 0.8320459091329587, -0.007809288814206049, 2.5,0.0,0.0
-6.661896478384733, -0.3595242230221629, 6.05677538246336, -4.880775975704093e-16, 1.13007676138507, 0.8320459091329587, -0.007809288814206049, 2.5,0.0,0.0
-6.577605525031686, -0.36018248880282044, 6.137845967208132, 0.0, 1.1416184454334635, 0.8320459091329587, -0.0078092888142061315, 2.5,0.0,0.0
-6.49331457167864, -0.360840754583478, 6.2171166105887785, 9.761551951408185e-16, 1.1416184454334637, 0.8320459091329587, -0.007809288814206049, 2.5,0.0,0.0
-6.409023618325591, -0.3614990203641355, 6.29448977805208, 0.0, 1.1504120973156033, 0.8303026667263477, -0.007809288814205968, 2.5,0.0,0.0
-6.324732664972544, -0.36215728614479303, 6.369867935044816, -4.880775975704093e-16, 1.1568392281768625, 0.8236713919265671, -0.007809288814206049, 2.5,0.0,0.0
-6.240441711619496, -0.36281555192545056, 6.442975702033556, 0.0, 1.1612813491626144, 0.8144860943810098, -0.007809288814206049, 2.5,0.0,0.0
-6.156150758266449, -0.3634738177061081, 6.513346674862705, 0.0, 1.1641199714182322, 0.8144860943810099, -0.007809288814206049, 2.5,0.0,0.0
-6.071859804913402, -0.3641320834867656, 6.580801368079062, 0.0, 1.1641199714182322, 0.8039138576622912, -0.007809288814206049, 2.5,0.0,0.0
-5.987568851560354, -0.36479034926742315, 6.645160296229429, 0.0, 1.16573660608909, 0.7931217653430278, -0.007809288814206049, 2.5,0.0,0.0
-5.903277898207307, -0.3654486150480807, 6.706243973860608, 0.0, 1.166512764320561, 0.7832769009958358, -0.007809288814206049, 2.5,0.0,0.0
-5.8189869448542595, -0.3661068808287382, 6.7638729155194, -2.4403879878520463e-16, 1.166829957258019, 0.7755460519350695, -0.007809288814206049, 2.5,0.0,0.0
-5.734695991501212, -0.36676514660939574, 6.817867635752607, 0.0, 1.1670696960468367, 0.7707026815609648, -0.007809288814206091, 2.5,0.0,0.0
-5.650405038148166, -0.3674234123900533, 6.8665731581958385, 4.880775975704093e-16, 1.1676134918323884, 0.7707026815609648, -0.007809288814206049, 2.5,0.0,0.0
-5.566114084795117, -0.3680816781707108, 6.908356964436151, 0.0, 1.1688389345483177, 0.768351484606952, -0.007809288814206008, 2.5,0.0,0.0
-5.48182313144207, -0.36873994395136833, 6.943396494993728, -2.4403879878520463e-16, 1.1709408754260344, 0.7678810568739339, -0.007809288814206049, 2.5,0.0,0.0
-5.397532178089023, -0.36939820973202586, 6.97187107228239, 0.0, 1.173857592790495, 0.7678810568739339, -0.007809288814206049, 2.5,0.0,0.0
-5.313241224735975, -0.3700564755126834, 6.993960018715963, 0.0, 1.1775081417486926, 0.7678810568739339, -0.007809288814206049, 2.5,0.0,0.0
-5.228950271382928, -0.3707147412933409, 7.009842656708272, 0.0, 1.1775081417486926, 0.7678810568739339, -0.007809288814206049, 2.5,0.0,0.0
-5.1446593180298805, -0.37137300707399845, 7.019698308673138, -2.4403879878520463e-16, 1.1818115774076203, 0.7678810568739339, -0.007809288814206049, 2.5,0.0,0.0
-5.060368364676833, -0.372031272854656, 7.0237062970243835, 0.0, 1.186686954874271, 0.7678810568739339, -0.007809288814206091, 2.5,0.0,0.0
-4.976077411323787, -0.3726895386353135, 7.022045944175836, 4.880775975704093e-16, 1.1920533292556377, 0.7678810568739339, -0.007809288814206049, 2.5,0.0,0.0
-4.891786457970738, -0.37334780441597104, 7.014896572541315, 0.0, 1.1978297556587136, 0.7678810568739339, -0.007809288814206008, 2.5,0.0,0.0
-4.807495504617691, -0.37400607019662857, 7.002437504534651, -2.4403879878520463e-16, 1.2039352891904918, 0.7678810568739339, -0.007809288814206049, 2.5,0.0,0.0
-4.723204551264644, -0.3746643359772861, 6.984848062569666, 0.0, 1.2102889849579652, 0.7678810568739339, -0.007809288814206049, 3.0,1.0,0.0
-4.638913597911596, -0.37532260175794363, 6.962307569060176, 0.0, 1.2102889849579652, 0.766455658761415, -0.007809288814206049, 3.0,1.0,0.0
-4.554622644558549, -0.37598086753860116, 6.9349953464200125, 0.0, 1.2168098980681272, 0.766455658761415, -0.007809288814206049, 3.0,1.0,0.0
-4.470331691205502, -0.3766391333192587, 6.903090717062999, -2.4403879878520463e-16, 1.2234170836279707, 0.7621067435452921, -0.007809288814206049, 3.0,1.0,0.0
-4.386040737852454, -0.3772973990999162, 6.8667730034029555, 0.0, 1.2300297774418472, 0.7562371706657925, -0.007809288814206091, 3.0,1.0,0.0
-4.301749784499408, -0.37795566488057375, 6.826221527853709, 4.880775975704093e-16, 1.23657622725796, 0.7485098238134237, -0.007809288814206049, 3.0,1.0,0.0
-4.217458831146359, -0.3786139306612313, 6.781615612829083, 0.0, 1.23657622725796, 0.7385875866786916, -0.007809288814206008, 3.0,1.0,0.0
-4.133167877793312, -0.3792721964418888, 6.733134580742901, -2.4403879878520463e-16, 1.2429976878995632, 0.7261333429521019, -0.007809288814206049, 3.0,1.0,0.0
-4.048876924440265, -0.37993046222254634, 6.680957754008985, 0.0, 1.2492364277933112, 0.726133342952102, -0.007809288814206049, 3.0,1.0,0.0
-3.9645859710872173, -0.38058872800320387, 6.625264455041161, 0.0, 1.2552347153658585, 0.7108101260412588, -0.007809288814206049, 3.0,1.0,0.0
-3.88029501773417, -0.3812469937838614, 6.566234006253254, 0.0, 1.260934819043859, 0.6926593610987719, -0.007809288814206049, 3.0,1.0,0.0
-3.7960040643811226, -0.38190525956451893, 6.504045730059084, -2.4403879878520463e-16, 1.2662790072539671, 0.6729177260781894, -0.007809288814206049, 3.0,1.0,0.0
-3.711713111028075, -0.38256352534517646, 6.438878948872477, 0.0, 1.2712095484228365, 0.6530573266471799, -0.007809288814206091, 3.0,1.0,0.0
-3.6274221576750287, -0.383221791125834, 6.3709129851072595, 4.880775975704093e-16, 1.2712095484228363, 0.6345502684734089, -0.007809288814206049, 3.0,1.0,0.0
-3.5431312043219805, -0.3838800569064915, 6.300327161177248, 0.0, 1.2756687109771223, 0.6188686572245462, -0.007809288814206008, 3.0,1.0,0.0
-3.458840250968933, -0.38453832268714905, 6.227300799496272, -2.4403879878520463e-16, 1.2795987633434784, 0.6188686572245462, -0.007809288814206049, 3.0,1.0,0.0
-3.3745492976158857, -0.3851965884678066, 6.152013222478154, 0.0, 1.282941973948559, 0.6074845985682585, -0.007809288814206049, 3.0,1.0,0.0
-3.2902583442628384, -0.3858548542484641, 6.074643752536719, 0.0, 1.2856406112190184, 0.6013696532947581, -0.007809288814206049, 3.0,1.0,0.0
-3.205967390909791, -0.38651312002912164, 5.995371712085789, 0.0, 1.287638344707999, 0.5994715989688787, -0.007809288814206049, 3.0,1.0,0.0
-3.1216764375567436, -0.38717138580977917, 5.91437642353919, -2.4403879878520463e-16, 1.287638344707999, 0.5994715989688788, -0.007809288814206049, 3.0,1.0,0.0
-3.0373854842036963, -0.3878296515904367, 5.831837209310742, 0.0, 1.2889537888328981, 0.5994715989688788, -0.007809288814206091, 3.0,1.0,0.0
-2.9530945308506498, -0.3884879173710942, 5.747933391814274, 4.880775975704093e-16, 1.2897167602108532, 0.5994715989688787, -0.007809288814206049, 3.0,1.0,0.0
-2.8688035774976015, -0.38914618315175176, 5.662844293463604, 0.0, 1.290020418985936, 0.5994715989688788, -0.007809288814206008, 3.0,1.0,0.0
-2.784512624144554, -0.3898044489324093, 5.57674923667256, -2.4403879878520463e-16, 1.290020418985936, 0.5994715989688787, -0.007809288814206049, 3.0,1.0,0.0
-2.7002216707915068, -0.3904627147130668, 5.4898275438549655, 0.0, 1.2900204189859357, 0.5988745859200952, -0.007809288814206049, 3.0,1.0,0.0
-2.6159307174384594, -0.39112098049372435, 5.402258537424642, 0.0, 1.290020418985936, 0.5920254936847644, -0.007809288814206049, 3.0,1.0,0.0
-2.531639764085412, -0.3917792462743819, 5.314221539795417, 0.0, 1.290020418985936, 0.5828897392649067, -0.007809288814206049, 3.0,1.0,0.0
-2.4473488107323647, -0.3924375120550394, 5.225895873381111, -2.4403879878520463e-16, 1.2901034021786975, 0.5721285941233187, -0.007809288814206049, 3.0,1.0,0.0
-2.3630578573793173, -0.39309577783569694, 5.1374608605955485, 0.0, 1.2904668628443259, 0.5721285941233187, -0.007809288814206091, 3.0,1.0,0.0
-2.278766904026271, -0.39375404361635447, 5.049095823852554, 4.880775975704093e-16, 1.2912496260194568, 0.5604033297227984, -0.007809288814206049, 3.0,1.0,0.0
-2.1944759506732225, -0.394412309397012, 4.960980085565952, 0.0, 1.292590516740724, 0.5483752175261438, -0.007809288814206008, 3.0,1.0,0.0
-2.110184997320175, -0.3950705751776695, 4.873292968149563, -2.4403879878520463e-16, 1.2946283600447637, 0.536647759891386, -0.007809288814206049, 3.0,1.0,0.0
-2.025894043967128, -0.39572884095832705, 4.786213794017215, -1.2201939939260232e-16, 1.294628360044764, 0.5255758460973824, -0.007809288814206049, 3.0,1.0,0.0
-1.9416030906140804, -0.3963871067389846, 4.699921885582729, 0.0, 1.2974999170305175, 0.5154475003083762, -0.00780928881420607, 3.0,1.0,0.0
-1.8573121372610335, -0.3970453725196421, 4.614596565259931, 2.4403879878520463e-16, 1.3012315508196213, 0.5065507457877387, -0.007809288814206049, 3.0,1.0,0.0
-1.7730211839079857, -0.39770363830029964, 4.530417155462644, 0.0, 1.3056858174730743, 0.5065507457877386, -0.007809288814206029, 3.0,1.0,0.0
-1.6887302305549383, -0.3983619040809572, 4.44756297860469, -2.4403879878520463e-16, 1.310712003146045, 0.49917360579884085, -0.007809288814206049, 3.0,1.0,0.0
-1.604439277201891, -0.3990201698616147, 4.366213357099895, 0.0, 1.3161593939937006, 0.49360410360505275, -0.00780928881420607, 3.0,1.0,0.0
-1.520148323848844, -0.39967843564227223, 4.286547613362082, 2.4403879878520463e-16, 1.3161593939937006, 0.4900248249460603, -0.007809288814206049, 3.0,1.0,0.0
-1.4358573704957962, -0.40033670142292976, 4.208605893211178, 0.0, 1.3218772761712088, 0.48813532063430093, -0.007809288814206029, 3.0,1.0,0.0
-1.3515664171427488, -0.4009949672035873, 4.132673947965975, -2.4403879878520463e-16, 1.3277149358337368, 0.487496898608165, -0.007809288814206049, 3.0,1.0,0.0
-1.2672754637897015, -0.4016532329842448, 4.058937235262139, 0.0, 1.3335216591364532, 0.4874968986081649, -0.00780928881420607, 3.0,1.0,0.0
-1.1829845104366545, -0.40231149876490235, 3.987581212735343, 2.4403879878520463e-16, 1.3391467322345247, 0.487496898608165, -0.007809288814206049, 3.0,1.0,0.0
-1.0986935570836067, -0.4029697645455599, 3.917776855850561, 0.0, 1.3444394412831193, 0.487496898608165, -0.007809288814206029, 3.0,1.0,0.0
-1.0144026037305593, -0.4036280303262174, 3.848723718496122, -2.4403879878520463e-16, 1.3492490724374044, 0.487496898608165, -0.007809288814206049, 3.0,1.0,0.0
-0.930111650377512, -0.40428629610687494, 3.780532349062979, 0.0, 1.3492490724374044, 0.4874968986081649, -0.00780928881420607, 3.0,1.0,0.0
-0.845820697024465, -0.4049445618875325, 3.713236214007166, 2.4403879878520463e-16, 1.3534249118525474, 0.487496898608165, -0.007809288814206049, 3.0,1.0,0.0
-0.7615297436714172, -0.40560282766819, 3.6469025395482952, 0.0, 1.3568179940190879, 0.487496898608165, -0.007809288814206029, 3.0,1.0,0.0
-0.6772387903183699, -0.40626109344884753, 3.5815820645279692, -2.4403879878520463e-16, 1.3593798827499646, 0.4874968986081649, -0.007809288814206049, 2.0,1.0,0.0
-0.5929478369653225, -0.40691935922950506, 3.517325527787796, 0.0, 1.3612154997476316, 0.4866046174440362, -0.00780928881420607, 2.0,1.0,0.0
-0.5086568836122756, -0.4075776250101626, 3.45418366816938, 2.4403879878520463e-16, 1.3624426751138192, 0.4853983832085159, -0.007809288814206049, 2.0,1.0,0.0
-0.42436593025922775, -0.4082358907908201, 3.3922072245143267, 0.0, 1.3624426751138194, 0.4840889911040956, -0.007809288814206029, 2.0,1.0,0.0
-0.3400749769061804, -0.40889415657147765, 3.331446935664241, -2.4403879878520463e-16, 1.3631792389502593, 0.48276338657169865, -0.007809288814206049, 2.0,1.0,0.0
-0.255784023553133, -0.4095524223521352, 3.271953540460727, 0.0, 1.3635430213586825, 0.4815181400295667, -0.00780928881420607, 2.0,1.0,0.0
-0.17149307020008608, -0.4102106881327927, 3.2137777777453924, 2.4403879878520463e-16, 1.363575981033163, 0.4815181400295667, -0.007809288814206049, 2.0,1.0,0.0
-0.08720211684703827, -0.41086895391345024, 3.156970386359842, 0.0, 1.3635759810331627, 0.48045257653013496, -0.007809288814206029, 2.0,1.0,0.0
-0.002911163493990898, -0.41152721969410777, 3.1015821051456793, -1.2201939939260232e-16, 1.363575981033163, 0.479666021348297, -0.007809288814206049, 2.0,1.0,0.0
0.08137978985905647, -0.4121854854747653, 3.0476636729445112, 0.0, 1.363575981033163, 0.4792577997589464, -0.007809288814206049, 2.0,1.0,0.0
0.16567074321210384, -0.41284375125542283, 2.995265828597941, 0.0, 1.3636269387468298, 0.4792577997589464, -0.007809288814206049, 2.0,1.0,0.0
0.24996169656515121, -0.41350201703608036, 2.9444393109475766, 0.0, 1.3638942655411352, 0.47925779975894645, -0.007809288814206049, 2.0,1.0,0.0
0.3342526499181986, -0.4141602828167379, 2.895234858835023, 0.0, 1.3644957915178109, 0.4792577997589464, -0.007809288814206049, 2.0,1.0,0.0
0.41854360327124596, -0.4148185485973954, 2.847703218460083, 0.0, 1.3655487499488335, 0.4792577997589464, -0.007809288814206049, 2.0,1.0,0.0
0.5028345566242933, -0.41547681437805295, 2.801895106589764, 0.0, 1.3671360563821888, 0.4792577997589464, -0.007809288814206049, 2.0,1.0,0.0
0.5871255099773407, -0.4161350801587105, 2.7578612841402705, 0.0, 1.3692882745385677, 0.47925779975894633, -0.007809288814206049, 2.0,1.0,0.0
0.6714164633303881, -0.416793345939368, 2.715652482595008, 0.0, 1.3692882745385677, 0.4785270848758986, -0.007809288814206049, 2.0,1.0,0.0
0.7557074166834354, -0.41745161172002554, 2.6753194407955823, 0.07743684666741125, 1.3720315615946495, 0.47487320220447005, -0.007809288814206049, 2.0,1.0,0.0
0.8399983700364828, -0.41810987750068307, 2.6369128975835974, 0.31341585486014284, 1.375392074727114, 0.46906443845581003, -0.007809288814206049, 2.0,1.0,0.0
0.922231240579407, -0.4165511251772348, 2.6004835918006597, 0.5495182510327413, 1.377195092610315, 0.4712653169581358, -0.007809288814206049, 2.0,1.0,0.0
1.0039463930780759, -0.41076000652223804, 2.566082262288373, 0.5976181229529874, 1.3754394566151038, 0.4700006278302257, -0.007809288814206049, 2.0,1.0,0.0
1.0851558410948836, -0.400996967338468, 2.5337596478883455, 0.5596414494618069, 1.3650425335412202, 0.47126533882013255, -0.007809288814206049, 2.0,1.0,0.0
1.165871598192224, -0.38752245342869895, 2.503566487442179, 0.5189111212840172, 1.3563072386703676, 0.4752456681943427, -0.007809288814206049, 2.0,1.0,0.0
1.246105677932491, -0.37059691059570626, 2.475553519791481, 0.47669398627763127, 1.3448466364087064, 0.48212783421934136, -0.007809288814206049, 2.0,1.0,0.0
1.3258700938780785, -0.35048078464226434, 2.448063152498333, 0.43402203066297457, 1.3309472279776637, 0.5028662438149547, -0.007809288814206049, 2.0,1.0,0.0
1.4051768595913798, -0.3274345213711484, 2.41937027793101, 0.3916785855518416, 1.3148955145986663, 0.5157629388416407, -0.007809288814206049, 2.0,1.0,0.0
1.48403798863479, -0.3017185665851332, 2.389538449036969, 0.3502108235276023, 1.2885645008789726, 0.5316225044539944, -0.007809288814206049, 2.0,1.0,0.0
1.5624654945707013, -0.27359336608699314, 2.3586314297468967, 0.30995760266465644, 1.2682411977785295, 0.5503310456352958, -0.007809288814206049, 2.0,1.0,0.0
1.6404713909615096, -0.2433193656795037, 2.326712983991482, 0.2710837565117799, 1.2465964361209232, 0.5716988432917872, -0.007809288814206049, 2.0,1.0,0.0
1.718067691369607, -0.21115701116543933, 2.2938468757014143, 0.23361462969933136, 1.2237592981863508, 0.6044661828619934, -0.007809288814206049, 2.0,1.0,0.0
1.795266409357388, -0.1773667483475749, 2.2600968688073806, 0.1974671667943151, 1.1996158736200007, 0.6299282537714631, -0.007809288814206049, 2.0,1.0,0.0
1.872079558487247, -0.14220902302868527, 2.225526809692383, 0.1624757994497228, 1.4155677980702386, 0.8645487011684372, 1.3839509751260888, 1.0,1.0,0.0
1.9485191523215768, -0.10594428101154543, 2.1902003288269043, 0.12841268424822255, 0.15096572594326307, 1.076941745592124, 1.4021618323447878, 1.0,1.0,0.0
2.0245972044227725, -0.06883296809892989, 2.1541810958083762, 0.09500262166321873, 0.9412019843654459, 0.7240541473349666, 0.1771170838090283, 1.0,1.0,0.0
2.100325728353227, -0.03113553009361386, 2.1175331338053693, 0.06193338722585207, 0.8431679613860523, 0.7360350007912232, 0.22306397712762036, 1.0,1.0,0.0
2.1757167376753346, 0.00688758720162809, 2.0803200928518404, 0.028862374456380076, 0.7389220941835106, 0.7463250582753176, 0.2742146512175936, 1.0,1.0,0.0
2.2507822459514895, 0.04497593798402104, 2.0426057368784782, -0.004579498168580336, 0.6303791547189594, 0.7543804389240475, 0.3304185199656973, 1.0,1.0,0.0
2.3255342667440844, 0.08286907645079018, 2.0044538298159718, -0.03712768481302343, 0.4892790785590385, 0.7900364751786152, 0.39136137285859657, 1.0,1.0,0.0
2.3999848136155144, 0.12030655679916064, 1.965928077697754, 0.1293615370899701, 0.3842790850627308, 0.7984753490072954, 0.4565748366313713, 1.0,1.0,0.0
2.474121177708339, 0.15706733662377872, 1.9270924181462785, 0.6296519862664179, 0.2804092550217503, 0.8482640799618747, 0.5247510849100876, 1.0,1.0,0.0
2.5450695445537255, 0.19756928466592993, 1.8880104414004697, 1.0496098407033507, 0.19676899033835782, 0.8628757817736921, 0.5913886232087624, 1.0,1.0,0.0
2.6112450615010734, 0.24443573174807917, 1.8487459692882708, 1.070188587165049, 0.12270999614010569, 0.9395124564631666, 0.6512614268371704, 1.0,1.0,0.0
2.673202650191523, 0.2969326084814941, 1.809362765740371, 0.917303436636035, 0.01386553091484588, 0.972154102216575, 0.7031009685186957, 1.0,1.0,0.0
2.7314972322662094, 0.35432584547744267, 1.7699245946874582, 0.7580603289833499, 0.00047612404848529355, 1.0658874823645355, 0.746783044231145, 1.0,1.0,0.0
2.786683729366269, 0.41588137334719294, 1.7304952200602213, 0.6030665315283389, 0.0002537126118871136, 1.1105977204872008, 0.7823697061656052, 1.0,1.0,0.0
2.83931706313284, 0.48086512270201276, 1.6911384057893484, 0.45737236083644767, 0.008144603299491793, 1.22035607556112, 0.810021696045338, 1.0,1.0,0.0
2.889952155207057, 0.5485430241531692, 1.6519179158055293, 0.3219857855313948, 0.006725343646987736, 1.2817106280648842, 0.8299293705616739, 1.0,1.0,0.0
2.9391439272300577, 0.6181810083119313, 1.6128975140394517, 0.1954221870562648, 0.0014750255759431452, 1.3511791975258625, 0.8422631380553086, 1.0,1.0,0.0
2.987447300842979, 0.6890450057895662, 1.5741409644218047, 0.07484969057965506, 0.00031812594318680887, 1.5020824956314158, 0.8471410023703195, 1.0,1.0,0.0
3.0354171976869555, 0.7604009471973414, 1.5357120308832768, -0.04318956109947046, 0.0028297185599216734, 1.589804378577167, 0.8446100402734342, 1.0,1.0,0.0
3.0836085394031265, 0.8315147631465256, 1.4976744773545565, -0.16234247025313703, 0.0023133713199315897, 1.6821568052338902, 0.8346393649375348, 1.0,1.0,0.0
3.132576247632628, 0.9016523842483866, 1.4600920677663325, -0.28612015093974197, 0.003545713244106685, 1.777399125392723, 0.8171235436877352, 1.0,1.0,0.0
3.1828752440165946, 0.9700797411141913, 1.423028588294983, -0.41751457297690536, 0.0026285213043162337, 1.8004638996579212, 0.7918970763964759, 1.0,1.0,0.0
3.2350604501961655, 1.0360627643552083, 1.3865477361341283, -0.5583887623819723, 0.0034979793239034995, 1.898277813676988, 0.7587620831385153, 1.0,1.0,0.0
3.2896867878124754, 1.0988673845827055, 1.352292667336509, -0.7084945149141333, 0.00355138771948571, 1.9262814199821, 0.717532393309848, 1.0,1.0,0.0
3.3473091785066624, 1.1577595324079504, 1.3217915513410403, -0.8640847597106407, 0.003949571975939203, 1.9564902883002866, 0.6680970688847147, 1.0,1.0,0.0
3.4084825439198623, 1.2120051384422108, 1.2949988397743493, -1.0164117293186863, 0.020588757278106024, 1.9280862273141426, 0.6105039245323187, 1.0,1.0,0.0
3.4737618056932122, 1.2608701332967551, 1.271868984263062, -0.9993069579454125, 7.583481099726619e-05, 1.9632919882378577, 0.5450575830195779, 1.0,1.0,0.0
3.543701885467847, 1.3036204475828506, 1.2523564364338045, -0.48598418190744874, 0.012513838761510479, 1.985444951447907, 0.49857120685886014, 1.0499999523162842,1.0,0.0
3.612022342732676, 1.3397790905994658, 1.2364156479132025, 0.509779254291276, 0.009189391744951605, 2.025154868706185, 0.5201270113268204, 1.0499999523162842,1.0,0.0
3.6740669457242494, 1.3782844926300872, 1.224001070327883, 1.0893618857161191, 0.0029072395139353654, 2.143991298854767, 0.5970155492008474, 1.0499999523162842,1.0,0.0
3.733310588865128, 1.4222265249043125, 1.2150671553044712, 1.0551634586987715, 0.009947421356086294, 2.252969789510844, 0.6774000011712321, 1.0499999523162842,1.0,0.0
3.789453227346215, 1.471097774831513, 1.2095683813095093, 0.9961301295576647, 0.010907396867787777, 2.092965773550305, 0.7535682665777477, 1.0499999523162842,1.0,0.0
3.8421948163584068, 1.5243908298210578, 1.2074591194498783, 0.952458746132729, 0.006312149052738199, 1.9374966491963863, 0.8264449677059675, 1.0499999523162842,1.0,0.0
3.8912353110926063, 1.581598277282318, 1.2086939018719487, 0.9242132636606945, 0.003480248588461368, 1.752476646978467, 0.8969754390380765, 1.0499999523162842,1.0,0.0
3.9362746667397155, 1.6422127046246648, 1.2132271533624324, 0.9113582724307926, 0.00045920727545634143, 1.523130886257801, 0.9661100985455678, 1.0499999523162842,1.0,0.0
3.977012838490632, 1.7057266992574678, 1.2210133255479552, 0.9139928704063136, 0.004368206520295709, 1.442057001249901, 1.0348028458762109, 1.0499999523162842,1.0,0.0
4.013149781536257, 1.7716328485900972, 1.2320068700551432, 0.9324728692843749, 0.013775196325426856, 1.4595699705230942, 1.1040176388298193, 1.0499999523162842,1.0,0.0
4.044385451067492, 1.8394237400319238, 1.2461622385106226, 0.9763439233531357, 0.015143022919001482, 1.4794351744625498, 1.174738438395581, 1.0499999523162842,1.0,0.0
4.070419802275238, 1.908591960992318, 1.2634339332580566, 1.4144406360285535, 0.013781630212196694, 1.4848906262710202, 1.249287337299653, 1.0499999523162842,1.0,0.0
4.090789694449464, 1.9787486478393501, 1.2837762537729611, 2.226353620627483, 0.022662281758023532, 1.4563211998928973, 1.3810044197815952, 1.0499999523162842,1.0,0.0
4.098351733085618, 2.053991966186408, 1.3071438038330725, 2.3752591353147534, 0.02796595314905931, 2.5718630749350697, 1.57227884451029, 1.0499999523162842,1.0,0.0
4.090559507429244, 2.134016169562888, 1.3334909677505493, 1.980958488191893, 0.0052070956092469915, 2.8324547033714826, 1.7507754367239063, 1.0499999523162842,1.0,0.0
4.068997095572221, 2.2153273258084396, 1.3627722469443102, 1.7004390958842315, 0.012178001082241222, 2.428852308613176, 1.9028296069978416, 1.5,1.0,0.0
4.035248575606434, 2.294431502762716, 1.394942043248689, 1.6397796203695547, 0.032900377733849115, 1.9001336039952947, 2.044077057300494, 1.5,1.0,0.0
3.9908980256237596, 2.3678347682653658, 1.4299548248877425, 1.7800109427417596, 0.020281420979411324, 1.4769210976788014, 2.188273495821911, 1.5,1.0,0.0
3.93752952371608, 2.4320431901560404, 1.467765043488097, 2.1497474306569972, 0.0048345890724840745, 1.2677827341039793, 2.349421224908867, 1.5,1.0,0.0
3.876727147975275, 2.483562836274391, 1.5083271265029907, 2.8025064456743625, 0.00936823883138133, 1.114042211591824, 2.54341076753046, 1.5,1.0,0.0
3.810074976493226, 2.5188997744600683, 1.5515955980792138, 3.340221343366149, 0.02213697468224422, 1.0290267912525217, 2.7865970707522925, 1.5,1.0,0.0
3.7391570873618134, 2.534560072552723, 1.5975248373232287, 2.3832640562453404, 0.04249826592016874, 1.029802890896078, 3.0256776776277414, 1.5,1.0,0.0
3.66426297751205, 2.535877676977211, 1.646069320035049, 0.9530851570266848, 0.018125403847198376, 1.0289443921036003, -3.1414653650893234, 1.5,1.0,0.0
3.595666627562803, 2.5345418078671647, 1.6971834476974172, 0.14330710595022225, 0.012869690760119033, 1.01234796522606, -3.1223196929300645, 1.5,1.0,0.0
3.527063895150247, 2.5332331170142264, 1.7486736149745885, -0.004502396719352995, 0.01300184528017921, 0.9838700224599264, -3.122673079445949, 1.5,1.0,0.0
3.458455343966372, 2.5319455190256197, 1.7984195521470103, -0.003207148754079454, 0.01311853012885334, 0.9517054295205443, -3.1229375921634674, 1.5,1.0,0.0
3.3898415377031736, 2.530672928508571, 1.8464238512377171, -0.0019124536547559712, 0.07113435868244121, 0.9516222561523496, -3.123113256424145, 1.5,1.0,0.0
3.321223040052644, 2.529409260070301, 1.8926891042697418, -0.0006182354857661812, 0.26409200681294115, 0.9156969739851596, -3.123200094121402, 1.5,1.0,0.0
3.2526004147067753, 2.528148428318035, 1.9372179032661172, 0.0006755822930889982, 0.4727610764736245, 0.8758627938502102, -3.1231981236616106, 1.5,1.0,0.0
3.183974225357558, 2.5268843478589966, 1.9800128402498773, 0.001969076376339225, 0.7712164892897614, 0.8759016606155773, -3.1231073599457804, 1.5,1.0,0.0
3.1153450356969867, 2.5256109333004084, 2.021076507244054, 0.0032623231637809104, 0.9312008041279226, 0.832086754234901, -3.1229278143720567, 1.5,1.0,0.0
3.046713409417055, 2.524322099249497, 2.0604114962716817, 0.004555398312419353, 0.992024684075001, 0.7841345099874506, -3.122659494858738, 1.5,1.0,0.0
2.9780799102097544, 2.5230117603134836, 2.0980203993557938, 0.005848376287250149, 1.0341461591001802, 0.7321994086965177, -3.122302405888, 1.5,1.0,0.0
2.9094451017670764, 2.521673831099592, 2.1339058085194225, 0.007141329913518528, 1.0172930825070305, 0.6772880697731392, -3.121856548570316, 1.5,1.0,0.0
2.8408095477810154, 2.5203022262150476, 2.168070315785602, 0.008434329927978339, 1.0170441175731868, 0.6205737585191148, -3.121321920729374, 1.5,1.0,0.0
2.772173811943562, 2.518890860267072, 2.200516513177365, 0.009727444529096073, 1.0027568945140266, 0.6208565606272263, -3.1206985170078014, 1.5,1.0,0.0
2.7035384579467117, 2.5174336478628923, 2.231246992717744, 0.011020738926716844, 0.9921222913507582, 0.5635637594381313, -3.119986328993492, 1.5,1.0,0.0
2.6349040494824534, 2.515924503609728, 2.2602643464297745, 0.012314274890175399, 0.9917352758317448, 0.5068238633528254, -3.1191853453667506, 1.5,1.0,0.0
2.5662711502427826, 2.514357342114807, 2.287571166336488, 0.01360811029574409, 0.9844446238354645, 0.4518193946638768, -3.118295552068181, 1.5,1.0,0.0
2.4976403239196925, 2.5127260779853504, 2.313170044460917, 0.01490229867120925, 0.9801795385029113, 0.39993041134820473, -3.1173169324873884, 1.5,1.0,0.0
2.4290121342051707, 2.511024625828582, 2.3370635728260964, 0.01619688873987947, 0.9796567856184522, 0.40040920955467557, -3.116249467672715, 1.5,1.0,0.0
2.3603871447912157, 2.5092469002517284, 2.359254343455059, 0.017491923961951632, 0.9779440296292765, 0.3539038447139312, -3.1150931365617565, 1.5,1.0,0.0
2.2917659193698166, 2.507386815862009, 2.379744948370838, 0.01878744207324536, 0.9773759959387711, 0.31514165147835627, -3.1138479162331456, 1.5,1.0,0.0
2.223149021632967, 2.5054382872666507, 2.3985379795964663, 0.02008347462364227, 0.9768571943545162, 0.2865397763028962, -3.1125137821793483, 1.5,1.0,0.0
2.1545370152726604, 2.503395229072877, 2.4156360291549777, 0.021380046511303527, 0.9763994739394098, 0.28718639404705465, -3.1110907086006283, 1.5,1.0,0.0
2.0859304639808878, 2.5012515558879103, 2.4310416890694047, 0.022677175515598447, 0.9760146647548491, 0.2712423123461054, -3.109578668720469, 1.5,1.0,0.0
2.0173299314496425, 2.499001182318976, 2.4447575513627813, 0.023974871828570846, 0.9757145780580923, 0.2700655674061551, -3.1079776351222015, 1.5,1.0,0.0
1.948735981370917, 2.496638022973297, 2.4567862080581397, 0.02527313758293248, 0.9755110063805281, 0.27081188986064775, -3.1062875801071548, 1.5,1.0,0.0
1.8801491774367043, 2.494155992458096, 2.4671302511785145, 0.026571966379705225, 0.9754157234775255, 0.2714746749075109, -3.1045084760743706, 1.5,1.0,0.0
1.8115700833389967, 2.4915490053805986, 2.475792272746938, 0.027871342814014127, 0.9754200371314455, 0.27204158201439926, -3.1026402959217663, 1.5,1.0,0.0
1.7429992627697861, 2.488810976348028, 2.482774864786444, 0.029171241998577374, 0.9753817189335914, 0.27250025918046983, -3.1006830134690215, 1.5,1.0,0.0
1.6744372794210656, 2.485935819967608, 2.488080619320065, 0.030471629087373282, 0.9754780233116385, 0.2728383432074922, -3.0986366039021505, 1.5,1.0,0.0
1.605884696984829, 2.482917450846562, 2.491712128370835, 0.03177245879882984, 0.9757206442640022, 0.2730434601364818, -3.0965010442397127, 1.5,1.0,0.0
1.5373420791530668, 2.479749783592114, 2.4936719839617867, 0.03307367493876648, 0.9761212549865534, 0.27310322586056895, -3.094276313820752, 1.5,1.0,0.0
1.468809989617773, 2.476426732811488, 2.494796662671281, 0.034375209923882, 0.9766915069347021, 0.2730052469248775, -3.0919623948144115, 1.5,1.0,0.0
1.4002889920709392, 2.472942213111907, 2.4959213413807757, 0.035676984306897114, 0.977443028696346, 0.27273712152417245, -3.089559272751244, 1.5,1.0,0.0
1.3317796502045591, 2.469290139100596, 2.4970460200902704, 0.03697890630392634, 0.9789155430683404, 0.2720892598392693, -3.087066937076064, 1.5,1.0,0.0
1.263282527710625, 2.4654644253847775, 2.4981706987997647, 0.038280871324428825, 0.9798108204505677, 0.2711922868871288, -3.0844853817223186, 1.5,1.0,0.0
1.1947981882811287, 2.4614589865716763, 2.4992953775092595, 0.03958276150544981, 0.982636982364599, 0.2700792423909731, -3.081814605707841, 1.5,1.0,0.0
1.1263271956080634, 2.4572677372685154, 2.500420056218754, 0.04088444525067126, 0.9864637545406743, 0.26971490067120113, -3.079054613751791, 1.5,1.0,0.0
1.057870113383422, 2.452884592082519, 2.5015447349282485, 0.042185776775619, 0.9908854639347963, 0.2684098206075081, -3.076205416912631, 1.5,1.0,0.0
0.9894275052991965, 2.448303465620911, 2.502669413637743, 0.04348659566050925, 0.9918255695380299, 0.2816556396892348, -3.073267033246841, 1.5,1.0,0.0
0.9209999350473794, 2.4435182724909152, 2.503794092347238, 0.04478672641124744, 0.9963677896857159, 0.3045279456549115, -3.070239488488092, 1.5,1.0,0.0
0.852587966319964, 2.438522927299754, 2.5049187710567327, 0.046085978031049725, 0.9923457918141874, 0.33301025147195545, -3.0671228167466036, 1.5,1.0,0.0
0.7841921628089421, 2.4333113446546535, 2.506043449766227, 0.047384143604178385, 0.9819565714752981, 0.33158307768203393, -3.0639170612281497, 1.5,1.0,0.0
0.7158130882063074, 2.427877439162836, 2.505831820587146, 0.0486809998921142, 0.971430470430079, 0.3617113952058657, -3.0606222749723426, 1.5,1.0,0.0
0.6474513062040512, 2.422215125431525, 2.5030379154450695, 0.04997630694558362, 0.9693223252605176, 0.38942993830598027, -3.0572385216097224, 1.5,1.0,0.0
0.5791073804941665, 2.4163183180679453, 2.4977976077468984, 0.05126070612472707, 0.958643200425814, 0.38783158141205576, -3.053765876136913, 1.5,1.0,0.0
0.5107818747686468, 2.410180931679321, 2.4902467708995415, 0.007980018650938073, 0.9481365259051091, 0.4093273783089899, -3.0502056738778736, 1.5,1.0,0.0
0.44247535652019254, 2.403797053193248, 2.4805212783099004, -0.12086259730804613, 0.9494688125139739, 0.42627551254678864, -3.0526723883974194, 1.5,1.0,0.0
0.37420672134422384, 2.398004523692982, 2.4687570033848796, -0.23505927692194073, 0.9511645149603833, 0.43306339920525394, -3.066802749146085, 1.5,1.0,0.0
0.30599220878488625, 2.3935704168366936, 2.455089819531384, -0.2107370666575063, 0.9611744047749685, 0.4488576840624753, -3.0843870653825656, 1.5,1.0,0.0
0.2342051272723869, 2.3899869024122364, 2.4396555423736572, -0.14087818760348775, 0.9652132882292622, 0.4559977518784935, -3.0964679635193515, 1.5,1.0,0.0
0.16231132469498682, 2.387082457199275, 2.4225902186665853, -0.10352320702648635, 0.9693753045112717, 0.45815518430733626, -3.104943254045913, 1.5,1.0,0.0
0.0903319146184216, 2.384711673488498, 2.404029548469091, -0.0751433105485958, 0.9722302801913988, 0.46022482769862755, -3.111375403015812, 1.5,1.0,0.0
0.018288010608426976, 2.3827291435705895, 2.3841094629707373, -0.04692883007066057, 0.9736850940933237, 0.46193426805874416, -3.1157732134861384, 1.5,1.0,0.0
-0.05379927376926134, 2.3809894597362393, 2.3629658355784318, -0.018829629428520848, 0.9741171836881398, 0.454943205873232, -3.118143391425241, 1.5,1.0,0.0
-0.12590882494890754, 2.379347214276134, 2.340734539699077, 0.009212597969690392, 0.9741860480366135, 0.4547471777933766, -3.1184900225433685, 1.5,1.0,0.0
-0.19801952936477613, 2.3776569994809598, 2.3175514487395756, 0.037259345878058216, 0.9741856783016732, 0.44828505521780043, -3.1168142949667903, 1.5,1.0,0.0
-0.27011027345113137, 2.3757734076414043, 2.293552436106835, 0.06537041112849279, 0.9742211850163923, 0.44491350768907506, -3.1131144616609006, 1.5,1.0,0.0
-0.34215994364223745, 2.373551031048155, 2.2688733752077574, 0.0935989829184544, 0.9743372035394571, 0.44739742957979034, -3.1073860412047307, 1.5,1.0,0.0
-0.4141474263723588, 2.3708444619919, 2.2436501394492483, 0.12198658585775506, 0.9743379515117402, 0.4497123326351833, -3.099622260312688, 1.5,1.0,0.0
-0.48605160807575953, 2.3675082927633238, 2.218018602238211, 0.15055778088680313, 0.9732672585705363, 0.4529910615400865, -3.089814745710589, 1.5,1.0,0.0
-0.5578513751867041, 2.363397115653116, 2.1921146369815503, 0.13948387737679777, 0.965584323932654, 0.4554696991722822, -3.0779544758823376, 1.5,1.0,0.0
-0.629525614139457, 2.3583655229519627, 2.166074117086171, 0.03836113876153517, 0.9578965375096179, 0.45674579296737916, -3.0698037934119724, 1.5,1.0,0.0
-0.7017993529396708, 2.3530454653980737, 2.1400329159589764, -0.07821088988617153, 0.9555527475210069, 0.45680137182873354, -3.0723740517202796, 1.5,1.0,0.0
-0.7742134825768153, 2.3483344054587487, 2.114126907006871, -0.12450202560695905, 0.9607123599658819, 0.45687879770298456, -3.0811492304176205, 1.5,1.0,0.0
-0.8467460047311157, 2.3442737087168326, 2.0884919636367596, -0.13172723312881135, 0.9626479572353748, 0.45759763693710737, -3.0904551933873696, 1.5,1.0,0.0
-0.9193749210827957, 2.3409047407551684, 2.063263959255546, -0.13905993769007977, 0.9648884179521732, 0.45848065216318284, -3.100298110733079, 1.5,1.0,0.0
-0.9920782333120794, 2.3382688671566005, 2.038578767270135, -0.14650846297210676, 0.962342314900415, 0.45966182023800545, -3.1106846012740874, 1.5,1.0,0.0
-1.0648339430991904, 2.3364074535039694, 2.014572261087431, -0.15407953328947904, 0.9606858149068668, 0.4616473962611903, -3.121621656160923, 1.5,1.0,0.0
-1.1376200521243534, 2.3353618653801194, 1.9913803339004517, -0.16177812614387097, 0.9558481867310804, 0.46382300025955414, -3.1331165556510534, 1.5,1.0,0.0
-1.2104145620677924, 2.3351734683678944, 1.9691387997577592, -0.16960730088102735, 0.9554284919809704, 0.4548037540237074, 3.1380085291068984, 1.5,1.0,0.0
-1.2831954746097314, 2.3358836280501376, 1.9479835914246009, -0.17756800421085925, 0.9492592219544613, 0.4391559945588335, 3.1253754071544932, 1.5,1.0,0.0
-1.3559407914303938, 2.3375337100096907, 1.9280505625217663, -0.18565885396168993, 0.9498949531905853, 0.43320718302886124, 3.112161820273157, 1.5,1.0,0.0
-1.4286285142100041, 2.340165079829399, 1.9093031985126634, -0.1938759032354886, 0.9515126116669251, 0.4132290584921658, 3.0983603342483663, 0.800000011920929,1.0,0.0
-1.5012366446287873, 2.343819103092104, 1.8915924255695185, -0.20221238811981052, 0.9436684724910582, 0.38986526918800773, 3.083963777273504, 0.800000011920929,1.0,0.0
-1.5737431843669665, 2.3485371453806496, 1.8748872931432319, -0.21065846330840066, 0.9459571257819562, 0.3831678467302204, 3.068965382998752, 0.800000011920929,1.0,0.0
-1.6461261351047658, 2.3543605722778786, 1.859156851464096, -0.21920093139428048, 0.9362839540274647, 0.3559788283721838, 3.053358945789009, 0.800000011920929,1.0,0.0
-1.7183634985224097, 2.3613307493666347, 1.8443701507624073, -0.22782297320844433, 0.938979144208642, 0.3263224795955262, 3.0371389883192186, 0.800000011920929,1.0,0.0
-1.7904332763001218, 2.369489042229761, 1.830496241268459, -0.23650388835941258, 0.9272269210008204, 0.31894925157712767, 3.0203009413159037, 0.800000011920929,1.0,0.0
-1.8623134701181265, 2.378876816450101, 1.8175041675567627, -0.24521885703403362, 0.9300299470490324, 0.2870290293535134, 3.002841334864372, 1.2000000476837158,1.0,0.0
-1.9339820816566475, 2.389535437610497, 1.8053629968249598, -0.2555060944644817, 0.9330030739564636, 0.25448897657873815, 2.984758000239269, 1.2000000476837158,1.0,0.0
-2.0054171125959095, 2.4015062712937922, 1.7940417623359997, -0.3887543476119667, 0.9183271364678017, 0.2220601121189243, 2.9658227032594127, 1.0,1.0,0.0
-2.076587863885543, 2.414862616038837, 1.7835094928741455, -0.6970633350042885, 0.8850388553105084, 0.20554060308667077, 2.928400784051847, 1.0,1.0,0.0
-2.146797706691375, 2.4321125688867373, 1.7737353199751271, -0.900388053101576, 0.8220395708833181, 0.15005052593437437, 2.8649751765678197, 1.0,1.0,0.0
-2.215723914565328, 2.454362736296547, 1.76468825340271, -0.8518307619438594, 0.7479531245201654, 0.12103234934610287, 2.798346549094521, 1.0,1.0,0.0
-2.2835175104415644, 2.48097532143683, 1.756337247972282, -0.7139266579050064, 0.6778083535216708, 0.061270122998612675, 2.741344013146289, 1.0,1.0,0.0
-2.3503295172542433, 2.5113125274761456, 1.7486514764308563, -0.5792147930825987, 0.5709577352739919, 0.008809863215996055, 2.693947944695501, 1.0,1.0,0.0
-2.416310957937526, 2.5447365575830574, 1.7415999481698201, -0.4506950702248741, 0.5130546502882386, 0.029689528727053965, 2.6559189748301444, 1.0,1.0,0.0
-2.4816128554255714, 2.5806096149261246, 1.7351517134194685, -0.3290172696539461, 0.46629455444110934, 0.022200742977779575, 2.6269284806728423, 1.0,1.0,0.0
-2.5463862326525395, 2.618293902673909, 1.7292758224100955, -0.21326855164789443, 0.43188717042937963, 0.017225880173295405, 2.6066532558178017, 1.0,1.0,0.0
-2.6107821125525925, 2.657151623994973, 1.723941325371996, -0.10158767701312382, 0.4109311235592169, 0.012603774088908032, 2.5948381542918866, 1.0,1.0,0.0
-2.674951518059889, 2.6965449820578766, 1.7191172725354638, 0.008413472913390533, 0.4564825179743569, 0.01138706137097846, 2.5913341818892857, 1.0,1.0,0.0
-2.7390454721085886, 2.735836180031182, 1.7147727141307936, 0.11937005017028256, 0.46553625289305045, 0.012319770978137468, 2.5961188634768106, 1.0,1.0,0.0
-2.803214997632853, 2.7743874210834494, 1.7108767003882799, 0.2339514429630627, 0.5400097767544765, 0.014171668207466313, 2.60930317534167, 1.0,1.0,0.0
-2.8676111175668417, 2.811560908383242, 1.7073982815382172, 0.35463378176442706, 0.6279233094659036, 0.010190449911628527, 2.6311261145701357, 1.0,1.0,0.0
-2.932384854844716, 2.8467188450991197, 1.7043065078108994, 0.48337102866926474, 0.7292862545493474, 0.0016823913375638155, 2.661934512417511, 1.0,1.0,0.0
-2.997687232400634, 2.879223434399644, 1.701570429436621, 0.621076725834339, 0.8437713886668029, 0.012623717698193069, 2.7021421938288976, 1.0,1.0,0.0
-3.0636692731687574, 2.908436879453377, 1.6991590966456767, 0.766851040991438, 1.0077720258142648, 0.005257758703087069, 2.752159631392437, 1.0,1.0,0.0
-3.130482000083246, 2.9337213834288787, 1.6970415596683606, 0.9169766160402957, 1.1770697825887724, 0.06842994583608358, 2.812284511533667, 1.0,1.0,0.0
-3.19827643607826, 2.954439149494711, 1.6951868687349674, 1.063917117213093, 1.347733656165609, 0.05221086759452433, 2.882548479048623, 1.0,1.0,0.0
-3.2672036040879595, 2.9699523808194357, 1.6935640740757911, 1.1958927684918395, 1.5125942836542674, 0.027811240145450195, 2.9625303169997985, 1.0,1.0,0.0
-3.337414527046506, 2.979623280571613, 1.6921422259211263, 1.3766484087040907, 0.45242972316510177, 0.0853035982360064, 3.0511731816990766, 1.0,1.0,0.0
-3.409060227888057, 2.9828140519198056, 1.6908903745012671, 1.8599172190883426, 0.3722807783809832, 0.039427294206284234, -3.1225496817344576, 1.0,1.0,0.0
-3.4784753917438445, 2.9769367377428213, 1.6909122778747399, 2.375293826538473, 0.2841876960548172, 0.9239750619676278, -2.971090940647361, 1.0,1.0,0.0
-3.549241647196122, 2.9586785455067237, 1.6931174552981627, 1.4847696335759661, 0.18996927843880093, 0.9407015190299279, -2.812642791156537, 1.0,1.0,0.0
-3.63905668258667, 2.922122001647949, 1.6972912883936637, 0.8908380902535975, 0.12782605007552839, 0.9761648818300618, -2.708220506499579, 1.0,1.0,0.0
-3.7260280130441776, 2.876877941388928, 1.7032191587833732, 0.8512003689175901, 0.07881628596641191, 1.023786709067363, -2.6231207492924313, 1.0,1.0,0.0
-3.8037501035707426, 2.8281587138986097, 1.7106864480894206, 0.7881706249338749, 0.04153188618313616, 1.0796489287638018, -2.5465610509429095, 1.0,1.0,0.0
-3.878112449813238, 2.7739369083379435, 1.7194785379339337, 0.6587436525164637, 0.010353571389102895, 1.1492838545296093, -2.4810736965615923, 1.0,1.0,0.0
-3.9495168177595086, 2.7149071904548707, 1.7293808099390422, 0.5527125969626953, 0.0017128759657943915, 1.052549453824812, -2.4249810106920817, 1.0,1.0,0.0
-4.01836497339741, 2.651764225997337, 1.7401786457268762, 0.45000193319473153, 0.0107934267548504, 0.9192797803863934, -2.378198233351815, 1.2999999523162842,1.0,0.0
-4.085058682714787, 2.585202680713283, 1.7516574269195642, 0.3526035194613182, 0.003592057585523112, 0.8041508270489124, -2.340447923243021, 1.2999999523162842,1.0,0.0
-4.149999711699495, 2.5159172203506524, 1.763602535139235, 0.26082512259287866, 0.005677926699349384, 0.7614460511870418, -2.311380136670737, 1.2999999523162842,1.0,0.0
-4.213589826339383, 2.444602510657389, 1.775799352008018, 0.1738713073348761, 0.003124056713754042, 0.7225799015865749, -2.2906584078357506, 1.2999999523162842,1.0,0.0
-4.276230792622301, 2.3719532173814346, 1.7880332591480426, 0.09028180121063119, 0.012080963036224558, 0.6890279538279548, -2.2780162679146785, 1.2999999523162842,1.0,0.0
-4.338324376536098, 2.2986640062707333, 1.8000896381814375, 0.008222942810385624, 0.01238697490228375, 0.6639470932072608, -2.273291768010913, 1.2999999523162842,1.0,0.0
-4.400272344068627, 2.2254295430732296, 1.8117538707303327, -0.07432836997416585, 0.012800906912519089, 0.6512246643360762, -2.276446610434319, 1.2999999523162842,1.0,0.0
-4.462476461207738, 2.152944493536863, 1.8228113384168565, -0.15945589723325057, 0.0075198909728707575, 0.6464832701030654, -2.287574148759792, 1.2999999523162842,1.0,0.0
-4.52533849394128, 2.08190352340958, 1.8330474228631384, -0.2491748676218471, 0.00025360274135655114, 0.6397616535717386, -2.3068976839009765, 1.2999999523162842,1.0,0.0
-4.589260208257105, 2.0130012984393213, 1.842247505691308, -0.34524276244468766, 0.00217088376549468, 0.6322000499472472, -2.33475744457211, 1.2999999523162842,1.0,0.0
-4.654643370143063, 1.9469324843740312, 1.8501969685234938, -0.4488445934010827, 0.004487430174082707, 0.6248363537948597, -2.3715814240976814, 1.2999999523162842,1.0,0.0
-4.721889745587003, 1.884391746961652, 1.856681192981825, -0.5600892160242374, 0.007005725126798645, 0.615874739886388, -2.4178320822913664, 1.2999999523162842,1.0,0.0
-4.791401100576776, 1.826073751950128, 1.8614855606884315, -0.6772882433464467, 0.015226033633933433, 0.6068090580523734, -2.47391881434096, 1.2999999523162842,1.0,0.0
-4.863579201100233, 1.7726731650874012, 1.864395453265442, -0.7960995724828881, 0.006370013675790986, 0.5995985336871589, -2.540067500823137, 1.2999999523162842,1.0,0.0
-4.9388258131452245, 1.7248846521214147, 1.8651962523349852, -0.9088416629493187, 0.023158655900252678, 0.5948327785480934, -2.6161476011824782, 1.2999999523162842,1.0,0.0
-5.0175427026996005, 1.683402878800112, 1.863673339519191, -1.0050402763100241, 0.006598856339899595, 0.592954833309398, -2.7014784741787237, 1.2999999523162842,1.0,0.0
-5.100131635751212, 1.6489225108714363, 1.8596121072769165, -1.1339567558780057, 0.07582856416765041, 0.5942530847900719, -2.7947714826693724, 1.2999999523162842,1.0,0.0
-5.18696233772625, 1.622169495511681, 1.8544128820111376, -1.407313078781412, 0.14799814326002736, 0.5996446121764004, -2.907761513555869, 1.2999999523162842,1.0,0.0
-5.27432781579308, 1.6074310388167752, 1.8496455304137323, -1.7222300101115688, 0.15364916535136047, 0.6014018852193258, -3.051419271630274, 1.2999999523162842,1.0,0.0
-5.35959260682449, 1.6065605105722305, 1.8453381638486466, -1.7955686645226523, 0.15995241778324268, 0.6001850176947867, 3.0766056578740613, 1.5,1.0,0.0
-5.4429117266896405, 1.6184022500028385, 1.8415189045165576, -1.6434905755283866, 0.08503870895624646, 0.5981536487246921, 2.9309888626223963, 1.5,1.0,0.0
-5.5244401912576935, 1.6418005963333893, 1.8382158746181378, -1.4115975249227912, 0.005189052217868029, 0.5965402475541479, 2.8010588057396837, 1.5,1.0,0.0
-5.604333016397809, 1.6755998887886738, 1.835457196354064, -1.1579032303974028, 0.0021580341850356843, 0.5966362143001966, 2.689679771279638, 1.5,1.0,0.0
-5.682745217979148, 1.7186444665934837, 1.8332709919250103, -0.920582163412446, 0.010317966477688845, 0.5991903713740329, 2.597024697185912, 1.5,1.0,0.0
-5.759831811870869, 1.7697786689726083, 1.831685383531652, -0.715883341686478, 0.010320474174381755, 0.6042855745319613, 2.521711991859482, 1.2000000476837158,1.0,0.0
-5.835747813942132, 1.8278468351508381, 1.8307284933746641, -0.5458458714713117, 0.015893769992659013, 0.6114870974456175, 2.4617722209549138, 1.2000000476837158,1.0,0.0
-5.910648240062103, 1.891693304352966, 1.8304284436547211, -0.40588136075946957, 0.0059272613596154655, 0.6194774520659634, 2.4152346459575758, 1.2000000476837158,1.0,0.0
-5.984688106099931, 1.9601624158037803, 1.8308133565724982, -0.28931960217575986, 0.001341942344821323, 0.6262864483235202, 2.3804061671595007, 1.2000000476837158,1.0,0.0
-6.058022427924786, 2.0320985087280734, 1.8319113543286707, -0.18945211019922314, 0.007013119192363582, 0.6330352381153358, 2.3559707786732114, 1.2000000476837158,1.0,0.0
-6.130806221405825, 2.106345922350635, 1.833893592723757, -0.10016555156365961, 0.009684321739463875, 0.6384441503684288, 2.341005461745702, 1.2000000476837158,1.0,0.0
-6.203194502412207, 2.1817489958962564, 1.8368757694277638, -0.01591700639507903, 0.0009108244096591722, 0.6713733145714799, 2.3349677950317025, 1.2000000476837158,1.0,0.0
-6.275342286813094, 2.257152068589728, 1.8408170539442357, 0.06856460384486666, 0.0044690387183380365, 0.7278357606899519, 2.337683077716362, 1.2000000476837158,1.0,0.0
-6.347404590477645, 2.3313994796558406, 1.8456766157767188, 0.15868682527007577, 0.011481970276551734, 0.8001560060884487, 2.349343666107115, 1.2000000476837158,1.0,0.0
-6.419536429275023, 2.4033355683193856, 1.8514136244287578, 0.2604450568103224, 0.0023865508734448593, 0.8803733020177738, 2.370525305169558, 1.2000000476837158,1.0,0.0
-6.491892819074383, 2.4718046738051527, 1.8579872494038974, 0.38085777106801, 0.0026994621773668293, 1.0513796212289266, 2.4022196963553033, 1.2000000476837158,1.0,0.0
-6.56462877574489, 2.535651135337933, 1.8653566602056837, 0.49065226435891407, 0.021088950148308472, 1.2009134764261535, 2.445874828839784, 2.0,1.0,0.0
-6.637899315155702, 2.5937192921425174, 1.8734810263376604, 0.7882365620239854, 0.036793795602757126, 1.3346249888402657, 2.5018423346790772, 2.0,1.0,0.0
-6.696323547223447, 2.633652563846249, 1.8823195173033733, 1.1459003315983138, 0.0518474195106209, 1.2380543978551286, 2.576985290322882, 2.0,1.0,0.0
-6.757194234236326, 2.6692790874913728, 1.8918313026063682, 1.1214628756324225, 0.06942840107312141, 1.1594266001870623, 2.6516515507302834, 2.0,1.0,0.0
-6.8208313981668836, 2.7000541565378846, 1.9019755517501884, 1.1944549807386742, 0.09155631719644665, 1.1018492771995507, 2.734852780102827, 2.0,1.0,0.0
-6.887554133242602, 2.725433008426803, 1.9127114342383804, 1.184352204118032, 0.1199080552570628, 1.0999769748426622, 2.821447253944677, 2.0,1.0,0.0
-6.956239702600516, 2.7449488855293507, 1.923998119574489, 1.1367272304810672, 0.15218646748834708, 1.067607482497901, 2.904806520898433, 2.0,1.0,0.0
-7.02563287751906, 2.7587532091556617, 1.9363608823327418, 1.0782349983378987, 0.18717705128809342, 1.0488301163157834, 2.9832035894758127, 2.0,1.0,0.0
-7.095650268136944, 2.767216516774377, 1.9503099166719315, 1.0044849859530005, 0.2241409781179758, 1.0612500691612066, 3.056745557380526, 2.0,1.0,0.0
-7.166208484592886, 2.770709345854139, 1.9657713149887988, 0.9191539601604983, 0.3609807408675479, 1.0602707250255872, 3.12474285409795, 2.0,1.0,0.0
-7.237224137025599, 2.769602233863589, 1.982671169680085, 0.8283476879275884, 1.5629709598362347, 1.0775286683141518, -3.096375003300748, 2.0,1.0,0.0
-7.308613835573802, 2.7642657182713717, 2.000935573142533, 0.7368862578798989, 1.5383849342341815, 1.0938847197446537, -3.0403679067564013, 2.0,1.0,0.0
-7.3802941903762065, 2.755070336546127, 2.0204906177728836, 0.6481201673530624, 1.5124363976626902, 1.0830791782270643, -2.99036089146421, 2.0,1.0,0.0
-7.452181811571526, 2.742386626156497, 2.041262395967878, 0.5640557364923611, 1.487022634398501, 1.0741050114782018, -2.946166472004577, 2.0,1.0,0.0
-7.5241933092984805, 2.726585124571127, 2.0631770001242593, 0.48562430439541193, 1.4645702130904328, 1.070243131854766, -2.9075248068490676, 2.0,1.0,0.0
-7.596245293695777, 2.708036369258654, 2.0861605226387683, 0.4129759266884731, 1.4421489633996738, 1.0709568937159581, -2.8741467199791044, 2.0,1.0,0.0
-7.668254374902136, 2.687110897687724, 2.110139055908146, 0.3457335244552392, 1.4239154174256414, 1.0756261398239138, -2.845745148784297, 2.0,1.0,0.0
-7.740137163056272, 2.664179247326978, 2.1350386923291347, 0.2831845296109958, 1.409598758148478, 1.0835637287816393, -2.822056945411535, 2.0,1.0,0.0
-7.811810268296899, 2.6396119556450577, 2.1607855242984755, 0.2244102295362923, 1.398852216745908, 1.0940270492143012, -2.802857455142165, 2.0,1.0,0.0
-7.883190300762731, 2.613779560110606, 2.187305644212911, 0.16836270368687997, 1.3898144084316097, 1.106263096207656, -2.7879701647668127, 2.0,1.0,0.0
-7.9541938705924835, 2.5870525981922645, 2.214525144469181, 0.11390116089050292, 1.3934215290710217, 1.1195119486459442, -2.7772733320180873, 2.0,1.0,0.0
-8.024737587924871, 2.559801607358675, 2.241855516894018, 0.059795092482999114, 1.3891343317021172, 1.1329996121387669, -2.7707050834130023, 2.0,1.0,0.0
-8.094738062898609, 2.532397125078481, 2.2687420937779375, 0.004721111351077146, 1.406875989001356, 1.1459261104920648, -2.768268518405737, 2.0,1.0,0.0
-8.164112091064453, 2.5052096843719482, 2.2951853520540046, -0.052793493050339396, 1.4356295848315421, 1.146794590132408, -2.7700346635499256, 2.0,1.0,0.0
-8.232775726324993, 2.4786098360528444, 2.3211857686552846, -0.04444169358966195, 1.4739601695085025, 1.1602452985176794, -2.7761523236607624, 2.0,1.0,0.0
-8.30064613505507, 2.4529681042446865, 2.3467438205148445, 0.11893286568346678, 1.5126849018264459, 1.1592433201020578, -2.7764559814609058, 2.0,1.0,0.0
-8.366416950301986, 2.4275216433172124, 2.3718599845657495, 0.3184423738668018, 1.2118545649814472, 1.165614187141005, -2.7588676407030333, 4.5,1.0,0.0
-8.431398225388754, 2.400330462791634, 2.396534737741065, 0.38388428589823004, 1.1568622812783969, 1.160218504013678, -2.7317921739798043, 4.5,1.0,0.0
-8.495504136366428, 2.37144694233973, 2.4207685569738566, 0.3838579530377392, 1.109001057973898, 1.1556038156720818, -2.70481468124632, 4.5,1.0,0.0
-8.558648859286064, 2.34092346163328, 2.44456191919719, 0.3851815579063163, 1.0613126564954067, 1.1520189806770582, -2.6778599327813035, 4.5,1.0,0.0
-8.620746570198719, 2.3088124003440638, 2.467915301344132, 0.38789062230135424, 1.0212170599482147, 1.1497255546293836, -2.6508515300922832, 4.5,1.0,0.0
-8.681711445155447, 2.2751661381438595, 2.4908291803477467, 0.39203015793158996, 0.9905544759302726, 1.1490872303198796, -2.6237115749213142, 4.5,1.0,0.0
-8.741457660207306, 2.2400370547044473, 2.5136059190132127, 0.3976553379470774, 0.9621220560004875, 1.1505083415920379, -2.5963603161148674, 4.5,1.0,0.0
-8.79989939140535, 2.203477529697607, 2.536448496531495, 0.40483205587141813, 0.9430843296989717, 1.1543941504875406, -2.568715781340384, 4.5,1.0,0.0
-8.856950814800639, 2.165539942795117, 2.5592732028845946, 0.41363733781367656, 0.9353883753656528, 1.1611468583157867, -2.5406934016919456, 4.5,1.0,0.0
-8.912526106444224, 2.126276673668757, 2.581996328054511, 0.42785482569995864, 0.9362947569412855, 1.1711611351608615, -2.5122056390374823, 4.5,1.0,0.0
-8.966539442387162, 2.085740101990307, 2.6045341620232443, 0.48076097412295066, 0.9424212546823347, 1.1846009833861484, -2.4826910656281944, 4.5,1.0,0.0
-9.01899083743631, 2.043836094309412, 2.626802994772795, 0.5501798400241479, 0.9635291584918125, 1.199442713675598, -2.4478553605238873, 4.5,1.0,0.0
-9.070652704681441, 1.9991554905361295, 2.6487191162851635, 0.5598534344625572, 0.9882409588619789, 1.2155591117678313, -2.4087418269648477, 4.5,1.0,0.0
-9.121606048268227, 1.9514757690469269, 2.670198816542349, 0.5286509583569257, 0.04160467010499336, 1.2341904114235607, -2.370574944459572, 4.5,1.0,0.0
-9.171696535204207, 1.9009767683237397, 2.691158385526353, 0.49764048354579177, 1.065590562342159, 1.2925925070491862, -2.3341387432303757, 4.5,1.0,0.0
-9.220769832496922, 1.8478383268485032, 2.7115141132191747, 0.4732305360065048, 1.1131205158384725, 1.3133715313018586, -2.2990842341748334, 4.5,1.0,0.0
-9.268671989440918, 1.7922402620315552, 2.731182289602814, 0.45457604927386175, 1.1680776843055514, 1.3328827624533028, -2.265089688962665, 4.5,1.0,0.0
-9.315247526182713, 1.7343624755696256, 2.7500792046592726, 0.4409604393700442, 1.2294664810107736, 1.3868278614734355, -2.2318704926397093, 4.5,1.0,0.0
-9.36034325659087, 1.6743847427298568, 2.768121148370549, 0.43196470737237286, 1.2294664810107736, 1.409008753649427, -2.1991640863020083, 4.5,1.0,0.0
-9.403804465385914, 1.612486923065781, 2.7852244107186452, 0.4272212863235193, 1.2154434297580985, 1.4342834903595791, -2.1667129723155125, 4.5,1.0,0.0
-9.445476531982422, 1.5488488674163818, 2.8013052816855586, 0.4264562577113595, 1.2495494025323726, 1.5139191784071984, -2.1342849660648477, 4.5,1.0,0.0
-9.485205986166841, 1.4836503771924527, 2.8162800512532917, 0.42961257306973144, 1.9894884968291873, 1.555610562747117, -2.1016456158292356, 4.5,1.0,0.0
-9.52283763885498, 1.4170713424682617, 2.830065009403844, 0.4365529161817191, 2.0173725372799605, 1.6006299207122403, -2.068561016078317, 4.5,1.0,0.0
-9.55821704864502, 1.3492915630340576, 2.842576446119216, 0.44730272157119133, 2.0947874478217, 1.7062398263207779, -2.034813788265479, 4.5,1.0,0.0
-9.591191030428403, 1.2804908692485537, 2.853730651381407, 0.4620768549415591, 2.174434400786841, 1.7006722062296993, -2.0001662914134704, 4.5,1.0,0.0
-9.62160411670313, 1.2108491367592897, 2.8630363349874477, 0.48097002916987164, 2.2566954325340807, 1.6306820280374767, -1.9643754155043953, 4.5,1.0,0.0
-9.649302350417521, 1.1405461868192681, 2.8702708363475717, 0.5041902842840468, 2.3418945738110617, 1.6098971324242344, -1.9272008126595106, 4.5,1.0,0.0
-9.674131398579119, 1.0697618579104253, 2.8757801551438007, 0.5320580819606623, 1.7118454559197733, 1.5717880053258793, -1.8883828288756872, 4.5,1.0,0.0
-9.695936928195465, 0.9986759885146977, 2.879910291058158, 0.564859643296426, 1.3768878079426943, 1.571454121557157, -1.8476525861738886, 4.5,1.0,0.0
-9.714564606274099, 0.9274684171140205, 2.8830072437726653, 0.6028952895190952, 1.2715445731047537, 1.5755810414146816, -1.8047299321726658, 4.5,1.0,0.0
-9.729860099822554, 0.8563189821903293, 2.8854170129693464, 0.6464363129247378, 1.2765736139352204, 1.5724357527354407, -1.7593251977882198, 4.5,1.0,0.0
-9.741669075848376, 0.7854075222255598, 2.887485598330225, 0.6956017689759388, 1.2825186281563061, 1.582394827852901, -1.7111412879265155, 4.5,1.0,0.0
-9.749836921691895, 0.7149139046669006, 2.889558999537321, 0.7503541275000403, 1.2877839837699225, 1.5841448696223654, -1.659890274882477, 4.5,1.0,0.0
-9.754210143362272, 0.645017881100529, 2.8919832162726586, 0.8105126213161867, 1.292653455078165, 1.5767652450809284, -1.6052896907094145, 4.5,1.0,0.0
-9.754633903503418, 0.5758993625640869, 2.895104248218261, 0.8751738745476488, 1.297651081831816, 1.5653152361030183, -1.5470724157814555, 4.5,1.0,0.0
-9.75095272064209, 0.5077381730079651, 2.8992680950561507, 0.9429074972947687, 1.302395414219793, 1.5709119847600221, -1.4850555752945314, 4.5,1.0,0.0
-9.743014538401834, 0.4407141936532889, 2.9048207564683506, 1.0118830758835031, 1.3064212616808433, 1.5609564495611448, -1.419109301951086, 4.5,1.0,0.0
-9.730663299560547, 0.37500718235969543, 2.9121082321368825, 1.079033738430885, 1.3230399300511475, 1.5718335039655507, -1.3492030573553253, 4.5,1.0,0.0
-9.7137451171875, 0.3107970356941223, 2.9214765217437693, 1.140618294159784, 1.099260667001939, 1.5865214921367583, -1.2754792697558124, 4.5,1.0,0.0
-9.692106294144804, 0.24826355886087084, 2.933271624971034, 1.1924519348211888, 1.0335870074605555, 1.6090015271114186, -1.1982259683591399, 4.0,1.0,0.0
-9.665591627806178, 0.18758660521350307, 2.9478395415006995, 1.2408768246927078, 0.974767909062017, 1.6428703794413966, -1.1179310737613626, 4.0,1.0,0.0
-9.634047114020314, 0.12894601134441408, 2.965526271014788, 1.4476204451986014, 0.913266651627732, 1.7475566142549097, -1.0317828000433131, 4.0,1.0,0.0
-9.598548444179967, 0.0754910323153324, 2.986677813195323, 1.0579812732429983, 0.8538089676500985, 1.7312194293018095, -0.9400087434536857, 4.0,1.0,0.0
-9.548587040985241, 0.011928984463420042, 3.0116401677243267, 0.7268173841641155, 0.4759164569867554, 1.539767940982793, -0.8760275143773788, 4.0,1.0,0.0
-9.495979309082031, -0.04758428782224655, 3.0407593342838215, 0.7870780912125825, 0.7514896231023028, 1.4294024196306343, -0.8162731344775209, 4.0,1.0,0.0
-9.440874379316664, -0.10264907855276598, 3.0743813125558312, 0.8662229247091257, 0.2567925675823207, 1.2538586302550234, -0.7520137460786871, 4.0,0.0,0.0
-9.383422863250424, -0.15286564266436925, 3.1128521022223774, 0.9586969900585116, 0.6861041760125254, 1.1537691162441694, -0.6825296688850376, 0.0,0.0,0.0
-9.323774385301292, -0.19783426114319852, 3.156517702965483, 1.063952489690076, 0.665295508926148, 1.0675528355177253, -0.6071147875800229, 0.0,0.0,0.0
-9.262078816673078, -0.2371552084629184, 3.2057241144671718, 1.1796770140396717, 0.6481326789469561, 1.0008729743840836, -0.5251491942919813, 0.0,0.0,0.0
-9.198486028569588, -0.2704287590971933, 3.260817336409465, 1.3010225503360626, 0.6455048033952024, 0.9956357387859733, -0.43619057620091345, 0.0,0.0,0.0
-9.133146286010742, -0.29725518822669983, 3.322143368474386, 1.4196500042291262, 0.6458014515011208, 0.9602346135141722, -0.3400963360376021, 0.0,0.0,0.0
-9.066207885742188, -0.31723475456237793, 3.390048210343958, 1.4171215924168534, 0.659378236235724, 0.941834062404239, -0.2371864268231612, 0.0,0.0,0.0
-8.99782305944553, -0.3299677756239945, 3.464877861700203, 0.9170845872772847, 0.6748233183383746, 0.9334878503695565, -0.1447245803627671, 0.0,0.0,0.0
-8.926312642586698, -0.3376235834840698, 3.5469783222251436, 0.5201778283657519, 0.6983760033893852, 0.9413231323225477, -0.08597060263422289, 0.0,0.0,0.0
