-9.345867574534967304e+00,3.290242081720531342e+00
-9.252697949168894098e+00,3.327331875104849068e+00
-9.160138133270628202e+00,3.365462882622524354e+00
-9.067984540187568498e+00,3.404267740270940035e+00
-8.976027408974116995e+00,3.443368438718921620e+00
-8.884056978684668593e+00,3.482386968635295066e+00
-8.791863488373623525e+00,3.520945320688885882e+00
-8.699237237724680938e+00,3.558665509543629923e+00
-8.606014835813247998e+00,3.595187877616633720e+00
-8.512161728345253309e+00,3.630203756678944682e+00
-8.417665587449967290e+00,3.663413274998081892e+00
-8.322514085256656813e+00,3.694516560841567987e+00
-8.226694893894599403e+00,3.723213742476922494e+00
-8.130195685493056601e+00,3.749204948171665830e+00
-8.033011457644244402e+00,3.772240995323957957e+00
-7.935191689840721985e+00,3.792449693227927909e+00
-7.836810415054289436e+00,3.810128750954195898e+00
-7.737941784987463656e+00,3.825576699140117665e+00
-7.638659951342761545e+00,3.839092068423053838e+00
-7.539039065822693786e+00,3.850973389440360606e+00
-7.439158019148613299e+00,3.861513840679303478e+00
-7.339142099447175660e+00,3.870954200354880914e+00
-7.239142858863250929e+00,3.879505584641818938e+00
-7.139312148447935158e+00,3.887378772136313554e+00
-7.039801819252325288e+00,3.894784541434560321e+00
-6.940763722327517371e+00,3.901933671132754355e+00
-6.842312408792800227e+00,3.909035908622982447e+00
-6.744169829797160176e+00,3.916290147371260133e+00
-6.645822851227845440e+00,3.923888781612210330e+00
-6.546755163186916526e+00,3.932024117781828476e+00
-6.446450455776431276e+00,3.940888462316113561e+00
-6.344392419098451974e+00,3.950674121651062798e+00
-6.240188556260752861e+00,3.961373574694574184e+00
-6.134849659809581190e+00,3.970714466720400626e+00
-6.030275047330645677e+00,3.974990411405517232e+00
-5.928378107364610017e+00,3.970472312662857384e+00
-5.831072228452137907e+00,3.953431074405351797e+00
-5.740270799133888602e+00,3.920137600545933410e+00
-5.657847130630614174e+00,3.867249418734925115e+00
-5.585184539077771682e+00,3.796151012705936800e+00
-5.523338383520555617e+00,3.711390650502793154e+00
-5.473358000051073091e+00,3.617574703271981384e+00
-5.436292724761424111e+00,3.519309542159984705e+00
-5.413191893743714012e+00,3.421201538313288992e+00
-5.404634329908024171e+00,3.327110749946355917e+00
-5.407956311284181972e+00,3.235754014489915065e+00
-5.419127861179862116e+00,3.143681059915201192e+00
-5.434114218661452611e+00,3.047434025583219963e+00
-5.448880622795338802e+00,2.943555050854981481e+00
-5.459392312647907808e+00,2.828586275091494073e+00
-5.461940806924998171e+00,2.700370686945071430e+00
-5.455220260806382448e+00,2.566330383220825517e+00
-5.438998274518111131e+00,2.438167195218018168e+00
-5.413047438765998365e+00,2.327602850856094641e+00
-5.377140344255850302e+00,2.246359078054496639e+00
-5.331049581693480199e+00,2.206157604732665867e+00
-5.274806381250872533e+00,2.217666047278944230e+00
-5.212070275746966352e+00,2.276764504480002671e+00
-5.149175192419476410e+00,2.368433307823778033e+00
-5.092517333978371141e+00,2.477398978757570092e+00
-5.048443690176566356e+00,2.588480568706206242e+00
-5.019925899898801447e+00,2.692843448410807028e+00
-5.004445176567992704e+00,2.791976061538484544e+00
-4.998978861487741732e+00,2.888314229818253587e+00
-5.000504295961651025e+00,2.984293774979134728e+00
-5.005998821293321299e+00,3.082350518750144097e+00
-5.012439378257401046e+00,3.184893333975078011e+00
-5.016770498308014581e+00,3.292150489453062434e+00
-5.015880957468197288e+00,3.400598848012170716e+00
-5.006654026721642836e+00,3.506344875604782363e+00
-4.985972977052043120e+00,3.605495038183275103e+00
-4.950721079443088257e+00,3.694155801700028441e+00
-4.897793022373334360e+00,3.768443885956896278e+00
-4.826177339173846725e+00,3.826356455651945154e+00
-4.739383149500321579e+00,3.869950533820807337e+00
-4.641508491337467568e+00,3.901812040597078202e+00
-4.536651402669994226e+00,3.924526896114352681e+00
-4.428909921482609313e+00,3.940681020506224819e+00
-4.322382085760021475e+00,3.952860333906289547e+00
-4.220436473684532785e+00,3.963363150638055110e+00
-4.122338632237228850e+00,3.972870073386156609e+00
-4.025920678833183608e+00,3.981496543231841656e+00
-3.929013231648392335e+00,3.989357410147884586e+00
-3.829446908858855192e+00,3.996567524107059732e+00
-3.725052328640567012e+00,4.003241735082142760e+00
-3.614457924855541293e+00,4.009102852771467163e+00
-3.501076400512754372e+00,4.011522735115661931e+00
-3.390095743370217463e+00,4.007000879267740956e+00
-3.286706866294629936e+00,3.992035345005604974e+00
-3.196100682152690720e+00,3.963124192107157828e+00
-3.123468103811098739e+00,3.916765480350301143e+00
-3.073147670765328687e+00,3.850105495801809941e+00
-3.042836583934164008e+00,3.765341233999289994e+00
-3.027116176373156442e+00,3.667039294611339262e+00
-3.020549841500943522e+00,3.559779920323403068e+00
-3.017700972736160558e+00,3.448143353820926738e+00
-3.013132963497443306e+00,3.336709837789356481e+00
-3.001809563936275183e+00,3.229734856043737334e+00
-2.982814997747632813e+00,3.128131472442869931e+00
-2.957658600493248358e+00,3.030845563770081963e+00
-2.927880829939557561e+00,2.936797761293353570e+00
-2.895022143852994834e+00,2.844908696280664895e+00
-2.860622999999996807e+00,2.754098999999996522e+00
-2.762456858957770933e+00,2.718969690193019595e+00
-2.658569304063892691e+00,2.706182850028217235e+00
-2.552713656501083506e+00,2.703330498924661818e+00
-2.449982917500761470e+00,2.705997492494126355e+00
-2.349785578829321153e+00,2.712939051590589123e+00
-2.251337557829752978e+00,2.723017799696562768e+00
-2.153854771845046923e+00,2.735096360294559492e+00
-2.056553138218200072e+00,2.748037356867089276e+00
-1.958672550251275180e+00,2.760723396667619678e+00
-1.859934622451662189e+00,2.772438597737767907e+00
-1.760506870200996277e+00,2.782838732946649074e+00
-1.660573607362660686e+00,2.791593576564130874e+00
-1.560319147800045769e+00,2.798372902860082334e+00
-1.459927805376519894e+00,2.802846486104371149e+00
-1.359579623910674551e+00,2.804715202436568244e+00
-1.259360384945636513e+00,2.804366509319708101e+00
-1.159263750672101523e+00,2.802858837059353458e+00
-1.059279541891631427e+00,2.801278595617079148e+00
-9.593975794057640893e-01,2.800712194954460443e+00
-8.596076840160604693e-01,2.802246045033072175e+00
-7.598992539777832400e-01,2.806915313851194860e+00
-6.602523597342530026e-01,2.814623990628790651e+00
-5.606379559718163152e-01,2.824170601599331754e+00
-4.610266172485303904e-01,2.834307575043986560e+00
-3.613889181224730907e-01,2.843787339243919465e+00
-2.616954331517156729e-01,2.851362322480295308e+00
-1.619175635647103206e-01,2.855831538759086019e+00
-6.204683810305484243e-02,2.857128256814297718e+00
3.790444786343489386e-02,2.856356016446359725e+00
1.379230444323646387e-01,2.854672148654776365e+00
2.379957017013472620e-01,2.853233984439048410e+00
3.381091697679955432e-01,2.853198854798678852e+00
4.382497962521175183e-01,2.855663015469630306e+00
5.383941293693903507e-01,2.860235680680461190e+00
6.385086067678313881e-01,2.864991804667095021e+00
7.385592013659058042e-01,2.867935819811964659e+00
8.385118860820793829e-01,2.867072158497499412e+00
9.383326338348101370e-01,2.860405253106132140e+00
1.037986641536950749e+00,2.846056330663464973e+00
1.137420212157851163e+00,2.824990297815500817e+00
1.236560154778204135e+00,2.801106037060108633e+00
1.335332382447281141e+00,2.778437290316748243e+00
1.433662808214346995e+00,2.761017799504880355e+00
1.531477345128687828e+00,2.752881306543962570e+00
1.628696731068355108e+00,2.757990048471379740e+00
1.725046627812543587e+00,2.777610913152009253e+00
1.820002764787351568e+00,2.809557495274310313e+00
1.913024513376971436e+00,2.851417371911272536e+00
2.003571244965616227e+00,2.900778120135895755e+00
2.091102333154522874e+00,2.955227318735277997e+00
2.175367364656027647e+00,3.012576924728420202e+00
2.257208910790615697e+00,3.071483936052516128e+00
2.337726803063614245e+00,3.130804251325694842e+00
2.418020872980366942e+00,3.189393769166102288e+00
2.499190952046203229e+00,3.246108388191867089e+00
2.582336871766456099e+00,3.299804007021126306e+00
2.668367124008422575e+00,3.349498908399354047e+00
2.757206911722249743e+00,3.395045862449412422e+00
2.848466455174431644e+00,3.436564955511244968e+00
2.941755831696809320e+00,3.474176395229057857e+00
3.036685118621230473e+00,3.508000389247059481e+00
3.132864393279543691e+00,3.538157145209459564e+00
3.229907667171506791e+00,3.564766788980053391e+00
3.327567729116923001e+00,3.587946561627996633e+00
3.425769853720625591e+00,3.607810118722526216e+00
3.524450091530093587e+00,3.624470891830994912e+00
3.623544493092807794e+00,3.638042312520753274e+00
3.722989108956241910e+00,3.648637812359153632e+00
3.822719863134522722e+00,3.656371253695739565e+00
3.922665126666224023e+00,3.661382212945806014e+00
4.022741585863156111e+00,3.663850047115927655e+00
4.122864924511127072e+00,3.663957526307224821e+00
4.222950826395932999e+00,3.661887420620817402e+00
4.322914975303397078e+00,3.657822500157826617e+00
4.422674324097437548e+00,3.651947434716080299e+00
4.522221578908853346e+00,3.644560289974414502e+00
4.621666638916648751e+00,3.636134559147640832e+00
4.721129458227130371e+00,3.627158786779552280e+00
4.820729990946625243e+00,3.618121517413936949e+00
4.920588191181442639e+00,3.609511295594586056e+00
5.020821664551567309e+00,3.601810278496409445e+00
5.121384369822115978e+00,3.595055539660654276e+00
5.221962595670779805e+00,3.588556148566247384e+00
5.322217885372543478e+00,3.581553872611852096e+00
5.421811782202373919e+00,3.573290479196133074e+00
5.520405829435244272e+00,3.563007735717753199e+00
5.617667367790130761e+00,3.549955532574339490e+00
5.713740933267157374e+00,3.534052374947726616e+00
5.809596595023983845e+00,3.516373451029364716e+00
5.906286517671342828e+00,3.498108975784483210e+00
6.004862865819973194e+00,3.480449164178310628e+00
6.106377804080614702e+00,3.464584231176076390e+00
6.211875922366999703e+00,3.451696643955418864e+00
6.320977857450250426e+00,3.441512377575427273e+00
6.430212208055684719e+00,3.430594712404436919e+00
6.535702062512131150e+00,3.415092152032833450e+00
6.633570509148428052e+00,3.391153200051001626e+00
6.719940636293411984e+00,3.354926360049326206e+00
6.790935551024309902e+00,3.302560156242288159e+00
6.843965249572296017e+00,3.231618749455221096e+00
6.881215105913386587e+00,3.144919433268317022e+00
6.905977930766984407e+00,3.046497732057602992e+00
6.921546534852486054e+00,2.940389170199102509e+00
6.931213728889290770e+00,2.830629272068849733e+00
6.938272323596800462e+00,2.721253562042853957e+00
6.945514126476292738e+00,2.615764679632828660e+00
6.952473097967412308e+00,2.514200102198571152e+00
6.957380582320368489e+00,2.415211798132550491e+00
6.958464490465632757e+00,2.317448084026097810e+00
6.953952733333673919e+00,2.219557276470524254e+00
6.942073221854960785e+00,2.120187692057160955e+00
6.921214941023982270e+00,2.018503096365169114e+00
6.890814283610654734e+00,1.917019037776123591e+00
6.850726437466254204e+00,1.819591240087846451e+00
6.800807694264821457e+00,1.730078959413147155e+00
6.740914345680403486e+00,1.652341451864856481e+00
6.670905182703878111e+00,1.590221534416076832e+00
6.590940796605719854e+00,1.545576946793688622e+00
6.501767588103477991e+00,1.516412294441418007e+00
6.404199217426256752e+00,1.500289786506345591e+00
6.299049344803181683e+00,1.494771632135560857e+00
6.187131630463371224e+00,1.497420040476149294e+00
6.069263752021177183e+00,1.505795335560746961e+00
5.947608906763598213e+00,1.516826470908757551e+00
5.827621322742853494e+00,1.525898119546655884e+00
5.715249060422857852e+00,1.528163228997711842e+00
5.616440180267523452e+00,1.518774746785196417e+00
5.537142742740757129e+00,1.492885620432380822e+00
5.483298206294275445e+00,1.445654198558938175e+00
5.457718328541027120e+00,1.374799233403633414e+00
5.455091360847356796e+00,1.284685305629517993e+00
5.468804633420681682e+00,1.180741277572258108e+00
5.492245476468419874e+00,1.068396011567522619e+00
5.518801220197988577e+00,9.530783699509869367e-01
5.541861807326929679e+00,8.402148117746949252e-01
5.556677195957026250e+00,7.335207426298619993e-01
5.563623499796567451e+00,6.319959478146214282e-01
5.563952358026655887e+00,5.338348048315537664e-01
5.558915409828392384e+00,4.372316911832464514e-01
5.549764294382881324e+00,3.403809843722663819e-01
5.537749576552273290e+00,2.414784927305331785e-01
5.523356943866961188e+00,1.397387247853960346e-01
5.504964101173039914e+00,3.718370117534825631e-02
5.480588718881840293e+00,-6.368504638941803464e-02
5.448248467404681605e+00,-1.603659861987320745e-01
5.405961017152887571e+00,-2.503575865424015334e-01
5.351744038537787240e+00,-3.311583157102411801e-01
5.284018786871182982e+00,-4.005765212623368932e-01
5.204176903901790219e+00,-4.587012633929583028e-01
5.114936546890015201e+00,-5.066401232030969259e-01
5.019022027632181526e+00,-5.455054073498445399e-01
4.919157657924606575e+00,-5.764094224902976960e-01
4.818063117255847239e+00,-6.004637805049938271e-01
4.717602129914156173e+00,-6.186517128562867285e-01
4.617787166516476915e+00,-6.316787907733600882e-01
4.518389032893923130e+00,-6.402143393988605213e-01
4.419178534877623576e+00,-6.449276838754338659e-01
4.319926478298706130e+00,-6.464881493457259598e-01
4.220404126264205580e+00,-6.455657107971789488e-01
4.120492773989912649e+00,-6.429867122491802478e-01
4.020325975484530190e+00,-6.399359881990746013e-01
3.920072490320588354e+00,-6.376484045395471867e-01
3.819901078070613742e+00,-6.373588271632834035e-01
3.719980498307123185e+00,-6.403021219629684291e-01
3.620479132727595584e+00,-6.477100248396809867e-01
3.521474436770536176e+00,-6.600611168484646907e-01
3.422835409010414942e+00,-6.761073018540423307e-01
3.324401955511810947e+00,-6.943595064164499453e-01
3.226013982339289043e+00,-7.133286570957259043e-01
3.127511395557432294e+00,-7.315256804519053579e-01
3.028734152450251127e+00,-7.474619632580783435e-01
2.929577922200321982e+00,-7.601494705887399395e-01
2.830100295588761750e+00,-7.700550531149076283e-01
2.730388116184431890e+00,-7.779084014248469625e-01
2.630528227556205412e+00,-7.844392061068228283e-01
2.530607473272944663e+00,-7.903771577491005562e-01
2.430712685480647117e+00,-7.964518597963999857e-01
2.330908296638461330e+00,-8.032220315214023687e-01
2.231189546387329692e+00,-8.107185295740884090e-01
2.131538355616119151e+00,-8.188706036516898434e-01
2.031936645213682446e+00,-8.276075034514391859e-01
1.932366336068882751e+00,-8.368584786705686174e-01
1.832809349240542840e+00,-8.465527610179583995e-01
1.733248322165427124e+00,-8.565437614078439399e-01
1.633668245323361745e+00,-8.664358468060712193e-01
1.534054591590032324e+00,-8.757823278354468499e-01
1.434392833841135584e+00,-8.841365151187763338e-01
1.334668444952367583e+00,-8.910517192788650620e-01
1.234866898314287420e+00,-8.960812652100669240e-01
1.134980042836918113e+00,-8.989551981397577718e-01
1.035022004155889963e+00,-9.000210424514243357e-01
9.350117705009387548e-01,-8.997611067221482628e-01
8.349683301018006043e-01,-8.986576995290109782e-01
7.349106711882007481e-01,-8.971931294490941289e-01
6.348577816380788219e-01,-8.958496961237288891e-01
5.348242930952746832e-01,-8.949990504445212158e-01
4.348096160703322499e-01,-8.946262251056381620e-01
3.348098385840273528e-01,-8.946318612530369530e-01
2.348210486571247479e-01,-8.949166000326747028e-01
1.348393343104037634e-01,-8.953810825905087478e-01
3.486078357341138717e-02,-8.959259502950300824e-01
-6.511840677800788402e-02,-8.964546000821694838e-01
-1.651016599972152665e-01,-8.968800571260351351e-01
-2.650923163970386187e-01,-8.971174482657164884e-01
-3.650937162902916366e-01,-8.970819003403027736e-01
-4.651091999898021023e-01,-8.966885401888829987e-01
-5.651421074917156728e-01,-8.958525026961629001e-01
-6.651918575432393954e-01,-8.945885492268136341e-01
-7.652441676414615257e-01,-8.932595463902336386e-01
-8.652817645558646964e-01,-8.923043456841091015e-01
-9.652873750559444188e-01,-8.921617986061262107e-01
-1.065243725911186656e+00,-8.932707566539711541e-01
-1.165133544283454947e+00,-8.960700601577331614e-01
-1.264944416035410191e+00,-9.008602644142078564e-01
-1.364680903833727310e+00,-9.074587424841669137e-01
-1.464351276065067875e+00,-9.155773977499366278e-01
-1.563963801116081465e+00,-9.249281335938427384e-01
-1.663526747373418546e+00,-9.352228533982106518e-01
-1.763048383303700062e+00,-9.461734596438415856e-01
-1.862542912181069266e+00,-9.574249413104187756e-01
-1.962046603655922539e+00,-9.683734943912172266e-01
-2.061600854843398611e+00,-9.783575039705090237e-01
-2.161247062858635992e+00,-9.867153551325662519e-01
-2.261026624816784736e+00,-9.927854329616623286e-01
-2.360980937831770099e+00,-9.959061225590563060e-01
-2.461124695092518078e+00,-9.957908393360949129e-01
-2.561366914310102771e+00,-9.936371066471528790e-01
-2.661590476345344847e+00,-9.910095141505255167e-01
-2.761678262059077404e+00,-9.894726515045076942e-01
-2.861513152312116670e+00,-9.905911083673949458e-01
-2.960978027967274606e+00,-9.959294743743021261e-01
-3.059999460896071444e+00,-1.006540577479218435e+00
-3.158676921456736064e+00,-1.021452050457318128e+00
-3.257152643209984433e+00,-1.039190631986083080e+00
-3.355568859716519636e+00,-1.058283060742992276e+00
-3.454067804537057196e+00,-1.077256075405528479e+00
-3.552791711232304639e+00,-1.094636414651171563e+00
-3.651855731619221057e+00,-1.109186463543941237e+00
-3.751237525078139790e+00,-1.120864970135937000e+00
-3.850871223793304488e+00,-1.130009425686022029e+00
-3.950690942726701849e+00,-1.136957471309219425e+00
-4.050630796840307468e+00,-1.142046748120551625e+00
-4.150624901096095165e+00,-1.145614897235040619e+00
-4.250616528081323509e+00,-1.147971610020100508e+00
-4.350598479297371313e+00,-1.149275411944877812e+00
-4.450580224134607299e+00,-1.149633956852273098e+00
-4.550571244537929161e+00,-1.149154860267811884e+00
-4.650581022452228375e+00,-1.147945737717019687e+00
-4.750619039822413292e+00,-1.146114204725422026e+00
-4.850690079982366676e+00,-1.143829120692347878e+00
-4.950773513880744936e+00,-1.141590581825641770e+00
-5.050840160475440044e+00,-1.140010154944678611e+00
-5.150860832282843305e+00,-1.139699490830392570e+00
-5.250806341819351353e+00,-1.141270240263719815e+00
-5.350647501601351053e+00,-1.145334054025594517e+00
-5.450364696099511796e+00,-1.152286402623184269e+00
-5.549990079592450165e+00,-1.161353547963671851e+00
-5.649573228372279488e+00,-1.171368279990087302e+00
-5.749163731853684567e+00,-1.181163092275685500e+00
-5.848811179451334219e+00,-1.189570478393720432e+00
-5.948565160579913247e+00,-1.195422931917447418e+00
-6.048463429669958202e+00,-1.197833640889444329e+00
-6.148475521058295534e+00,-1.197533793239704325e+00
-6.248546576608105418e+00,-1.195833101750407135e+00
-6.348621707502482892e+00,-1.194042006853840876e+00
-6.448646024924533648e+00,-1.193470948982294333e+00
-6.548564640057352726e+00,-1.195430368568055624e+00
-6.648335074717551585e+00,-1.200934714657717617e+00
-6.747986389016335629e+00,-1.209292260790086004e+00
-6.847573221979714297e+00,-1.219201227968656598e+00
-6.947150244806051589e+00,-1.229359069892303369e+00
-7.046772128693703507e+00,-1.238463240259899623e+00
-7.146493544841026058e+00,-1.245211192770318220e+00
-7.246358171132553316e+00,-1.248559384051119991e+00
-7.346342111604458935e+00,-1.249056313392417072e+00
-7.446395812822262705e+00,-1.247854971154733095e+00
-7.546469672033796705e+00,-1.246109509625108247e+00
-7.646514086486893014e+00,-1.244974081090580942e+00
-7.746479453429393480e+00,-1.245602837838190702e+00
-7.846324408102426595e+00,-1.248970789830058825e+00
-7.946058223154411237e+00,-1.254951792592002180e+00
-8.045709398017839575e+00,-1.263001598517588642e+00
-8.145306469082093770e+00,-1.272575156340679969e+00
-8.244877972736571081e+00,-1.283127414795137922e+00
-8.344452445370651006e+00,-1.294113322614824479e+00
-8.444054895837570740e+00,-1.305007341259447839e+00
-8.543687196019920549e+00,-1.315411915389120612e+00
-8.643341893891486549e+00,-1.324981065287363702e+00
-8.743011511729621432e+00,-1.333368953378793353e+00
-8.842688571811674336e+00,-1.340229742088023812e+00
-8.942365596414980189e+00,-1.345217593839670212e+00
-9.042041140645636688e+00,-1.348068382554953759e+00
-9.141756013333520059e+00,-1.349090286650371784e+00
-9.241569085795559246e+00,-1.348836131442094466e+00
-9.341539297379009454e+00,-1.347859663681566733e+00
-9.441725587431134770e+00,-1.346714630120232847e+00
-9.542186895299204608e+00,-1.345954777509538403e+00
-9.642950845536374160e+00,-1.346039354246083342e+00
-9.743825734961337304e+00,-1.346765745518472501e+00
-9.844526102872617201e+00,-1.347648405342866562e+00
-9.944766135441486909e+00,-1.348200722106704719e+00
-1.004426001883923192e+01,-1.347936084197427498e+00
-1.014272193923712706e+01,-1.346367880002474759e+00
-1.023998487685226877e+01,-1.343054768392942799e+00
-1.033671384128877868e+01,-1.337872481141247460e+00
-1.043392951541849278e+01,-1.330832291332022077e+00
-1.053265392171697812e+01,-1.321945982551143040e+00
-1.063390908265978574e+01,-1.311225338384487626e+00
-1.073871702072248091e+01,-1.298682142417930674e+00
-1.084760298831120906e+01,-1.284105345863332470e+00
-1.095737364565912486e+01,-1.265615879307055991e+00
-1.106315033822315641e+01,-1.240578704496599682e+00
-1.116004605433611196e+01,-1.206355034487826661e+00
-1.124317378233080156e+01,-1.160306082336597600e+00
-1.130764651054004055e+01,-1.099793061098775393e+00
-1.134990669790682460e+01,-1.023053820952028792e+00
-1.137269549175181638e+01,-9.324794923408212810e-01
-1.138061751854389669e+01,-8.316899617156022773e-01
-1.137827768734622857e+01,-7.243053018661296250e-01
-1.137028090722197149e+01,-6.139455855821628338e-01
-1.136123208723429556e+01,-5.042308856534615247e-01
-1.135504614715074290e+01,-3.981806714418269499e-01
-1.135215687548002705e+01,-2.957842502753762481e-01
-1.135190271625517511e+01,-1.960774833185369714e-01
-1.135362171094386241e+01,-9.809588132141525141e-02
-1.135665190101376254e+01,-8.749550341173763105e-04
-1.136033132793254907e+01,9.654978479325211638e-02
-1.136400638731118740e+01,1.949800292789863887e-01
-1.136706562305124280e+01,2.943961210532464734e-01
-1.136891084109292827e+01,3.945199639048511675e-01
-1.136894385225057214e+01,4.950733666401491706e-01
-1.136656646733849563e+01,5.957781380654910697e-01
-1.136118049717103595e+01,6.963560869872215120e-01
-1.135248267528779564e+01,7.965751876995413872e-01
-1.134165767819278337e+01,8.964363284329307513e-01
-1.133035836643278671e+01,9.960136842244988742e-01
-1.132023777262344311e+01,1.095381457046015194e+00
-1.131294892938039176e+01,1.194613848869242823e+00
-1.131010211556404421e+01,1.293785842801766561e+00
-1.131164755332261507e+01,1.393002752146633938e+00
-1.131538014615068910e+01,1.492409269124232774e+00
-1.131895086996608768e+01,1.592152715594956192e+00
-1.132001070068663928e+01,1.692380413419190655e+00
-1.131621061423016350e+01,1.793239684457329064e+00
-1.130522187317376748e+01,1.894851509974100345e+00
-1.128550343709853010e+01,1.996314110019630883e+00
-1.125653696440875962e+01,2.095397812465516818e+00
-1.121787240715210210e+01,2.189784271379531688e+00
-1.116905971737619829e+01,2.277155140829453028e+00
-1.110964884855844659e+01,2.355192077463451827e+00
-1.103962938098024260e+01,2.422370165904403905e+00
-1.096067184923690085e+01,2.480198237045352805e+00
-1.087484848606734644e+01,2.530910097012020188e+00
-1.078423152421048847e+01,2.576739551930129934e+00
-1.069089319640524316e+01,2.619920407925406369e+00
-1.059690573539053204e+01,2.662686471123572929e+00
-1.050434121660514641e+01,2.707271364716244744e+00
-1.041468301373412864e+01,2.755224073959269937e+00
-1.032749706598639783e+01,2.805863680131937876e+00
-1.024195959014575763e+01,2.858056032032148863e+00
-1.015724680299600635e+01,2.910666978457800980e+00
-1.007253492132094763e+01,2.962562368206794527e+00
-9.987000161904388662e+00,3.012608050077025812e+00
-9.899819141718712245e+00,3.059670469947196825e+00
-9.810474146590687283e+00,3.103072131195640182e+00
-9.719297858860873163e+00,3.143404327599868875e+00
-9.626769668159827376e+00,3.181477240007178686e+00
-9.533368964118116295e+00,3.218101049264862290e+00
-9.439575136366309849e+00,3.254085936220214581e+00
